
=== Experiment 11: rolling-window rule on ER nulls (Corollary 1) ===
  (ER has NO communities: true K = 0, lower is better. K counts size>=3.)
N	m	method	W	k	sided	K_ge3	K_all	Q	stop_frac
1000	4984	CNM-full	-	-	-	8.000	8.000	0.280	1.000
1000	4984	GRAZ t=2	-	-	-	58.000	58.000	0.256	1.000
1000	4984	Louvain	-	-	-	14.000	14.000	0.279	1.000
1000	4984	roll-1sided W=10 k=1.75	10	1.75	1	0.333	982.000	0.003	0.018
1000	4984	roll-1sided W=10 k=2.00	10	2.00	1	0.333	982.000	0.003	0.018
1000	4984	roll-1sided W=10 k=2.50	10	2.50	1	0.667	975.000	0.004	0.025
1000	4984	roll-1sided W=15 k=1.75	15	1.75	1	1.000	963.333	0.007	0.037
1000	4984	roll-1sided W=15 k=2.00	15	2.00	1	1.000	962.333	0.007	0.038
1000	4984	roll-1sided W=15 k=2.50	15	2.50	1	1.000	962.000	0.007	0.038
1000	4984	roll-1sided W=20 k=1.75	20	1.75	1	1.667	938.333	0.012	0.062
1000	4984	roll-1sided W=20 k=2.00	20	2.00	1	1.667	938.333	0.012	0.062
1000	4984	roll-1sided W=20 k=2.50	20	2.50	1	6.667	869.333	0.026	0.132
1000	4984	roll-2sided W=10 k=1.75	10	1.75	2	0.000	986.333	0.002	0.014
1000	4984	roll-2sided W=10 k=2.00	10	2.00	2	0.000	986.333	0.002	0.014
1000	4984	roll-2sided W=10 k=2.50	10	2.50	2	0.000	983.000	0.002	0.017
1000	4984	roll-2sided W=15 k=1.75	15	1.75	2	0.333	982.667	0.002	0.017
1000	4984	roll-2sided W=15 k=2.00	15	2.00	2	0.333	981.667	0.003	0.018
1000	4984	roll-2sided W=15 k=2.50	15	2.50	2	0.333	981.667	0.003	0.018
1000	4984	roll-2sided W=20 k=1.75	20	1.75	2	0.667	964.000	0.006	0.036
1000	4984	roll-2sided W=20 k=2.00	20	2.00	2	0.667	964.000	0.006	0.036
1000	4984	roll-2sided W=20 k=2.50	20	2.50	2	0.667	962.667	0.007	0.038
2000	9935	CNM-full	-	-	-	9.667	9.667	0.273	1.000
2000	9935	GRAZ t=2	-	-	-	58.333	58.333	0.262	1.000
2000	9935	Louvain	-	-	-	14.333	14.333	0.282	1.000
2000	9935	roll-1sided W=10 k=1.75	10	1.75	1	0.000	1985.667	0.001	0.007
2000	9935	roll-1sided W=10 k=2.00	10	2.00	1	0.000	1985.667	0.001	0.007
2000	9935	roll-1sided W=10 k=2.50	10	2.50	1	0.000	1985.667	0.001	0.007
2000	9935	roll-1sided W=15 k=1.75	15	1.75	1	0.000	1981.333	0.001	0.009
2000	9935	roll-1sided W=15 k=2.00	15	2.00	1	0.000	1977.333	0.002	0.011
2000	9935	roll-1sided W=15 k=2.50	15	2.50	1	0.000	1974.333	0.002	0.013
2000	9935	roll-1sided W=20 k=1.75	20	1.75	1	0.000	1974.667	0.002	0.013
2000	9935	roll-1sided W=20 k=2.00	20	2.00	1	0.000	1974.000	0.002	0.013
2000	9935	roll-1sided W=20 k=2.50	20	2.50	1	0.000	1959.000	0.004	0.021
2000	9935	roll-2sided W=10 k=1.75	10	1.75	2	0.000	1985.667	0.001	0.007
2000	9935	roll-2sided W=10 k=2.00	10	2.00	2	0.000	1985.667	0.001	0.007
2000	9935	roll-2sided W=10 k=2.50	10	2.50	2	0.000	1985.667	0.001	0.007
2000	9935	roll-2sided W=15 k=1.75	15	1.75	2	0.000	1981.333	0.001	0.009
2000	9935	roll-2sided W=15 k=2.00	15	2.00	2	0.000	1977.333	0.002	0.011
2000	9935	roll-2sided W=15 k=2.50	15	2.50	2	0.000	1974.333	0.002	0.013
2000	9935	roll-2sided W=20 k=1.75	20	1.75	2	0.000	1974.667	0.002	0.013
2000	9935	roll-2sided W=20 k=2.00	20	2.00	2	0.000	1974.000	0.002	0.013
2000	9935	roll-2sided W=20 k=2.50	20	2.50	2	0.000	1959.000	0.004	0.021
5000	24999	CNM-full	-	-	-	12.000	12.667	0.270	1.000
5000	24999	GRAZ t=2	-	-	-	79.333	80.000	0.254	1.000
5000	24999	Louvain	-	-	-	14.000	14.667	0.274	1.000
5000	24999	roll-1sided W=10 k=1.75	10	1.75	1	0.000	4986.667	0.000	0.003
5000	24999	roll-1sided W=10 k=2.00	10	2.00	1	0.000	4982.667	0.000	0.003
5000	24999	roll-1sided W=10 k=2.50	10	2.50	1	0.000	4978.333	0.001	0.004
5000	24999	roll-1sided W=15 k=1.75	15	1.75	1	0.000	4978.000	0.001	0.004
5000	24999	roll-1sided W=15 k=2.00	15	2.00	1	0.000	4973.000	0.001	0.005
5000	24999	roll-1sided W=15 k=2.50	15	2.50	1	0.000	4972.333	0.001	0.006
5000	24999	roll-1sided W=20 k=1.75	20	1.75	1	0.000	4971.333	0.001	0.006
5000	24999	roll-1sided W=20 k=2.00	20	2.00	1	0.000	4971.333	0.001	0.006
5000	24999	roll-1sided W=20 k=2.50	20	2.50	1	0.000	4964.000	0.001	0.007
5000	24999	roll-2sided W=10 k=1.75	10	1.75	2	0.000	4986.667	0.000	0.003
5000	24999	roll-2sided W=10 k=2.00	10	2.00	2	0.000	4982.667	0.000	0.003
5000	24999	roll-2sided W=10 k=2.50	10	2.50	2	0.000	4978.333	0.001	0.004
5000	24999	roll-2sided W=15 k=1.75	15	1.75	2	0.000	4978.000	0.001	0.004
5000	24999	roll-2sided W=15 k=2.00	15	2.00	2	0.000	4973.000	0.001	0.005
5000	24999	roll-2sided W=15 k=2.50	15	2.50	2	0.000	4972.333	0.001	0.006
5000	24999	roll-2sided W=20 k=1.75	20	1.75	2	0.000	4971.333	0.001	0.006
5000	24999	roll-2sided W=20 k=2.00	20	2.00	2	0.000	4971.333	0.001	0.006
5000	24999	roll-2sided W=20 k=2.50	20	2.50	2	0.000	4964.000	0.001	0.007
10000	49830	CNM-full	-	-	-	12.333	12.333	0.263	1.000
10000	49830	GRAZ t=2	-	-	-	93.333	93.333	0.247	1.000
10000	49830	Louvain	-	-	-	24.333	24.333	0.260	1.000
10000	49830	roll-1sided W=10 k=1.75	10	1.75	1	0.000	9988.333	0.000	0.001
10000	49830	roll-1sided W=10 k=2.00	10	2.00	1	0.000	9987.667	0.000	0.001
10000	49830	roll-1sided W=10 k=2.50	10	2.50	1	0.000	9986.333	0.000	0.001
10000	49830	roll-1sided W=15 k=1.75	15	1.75	1	0.333	9981.333	0.000	0.002
10000	49830	roll-1sided W=15 k=2.00	15	2.00	1	0.333	9977.000	0.000	0.002
10000	49830	roll-1sided W=15 k=2.50	15	2.50	1	0.333	9973.000	0.000	0.003
10000	49830	roll-1sided W=20 k=1.75	20	1.75	1	0.333	9973.333	0.000	0.003
10000	49830	roll-1sided W=20 k=2.00	20	2.00	1	0.333	9973.000	0.000	0.003
10000	49830	roll-1sided W=20 k=2.50	20	2.50	1	0.333	9949.667	0.001	0.005
10000	49830	roll-2sided W=10 k=1.75	10	1.75	2	0.000	9988.333	0.000	0.001
10000	49830	roll-2sided W=10 k=2.00	10	2.00	2	0.000	9987.667	0.000	0.001
10000	49830	roll-2sided W=10 k=2.50	10	2.50	2	0.000	9986.333	0.000	0.001
10000	49830	roll-2sided W=15 k=1.75	15	1.75	2	0.333	9981.333	0.000	0.002
10000	49830	roll-2sided W=15 k=2.00	15	2.00	2	0.333	9977.000	0.000	0.002
10000	49830	roll-2sided W=15 k=2.50	15	2.50	2	0.333	9973.000	0.000	0.003
10000	49830	roll-2sided W=20 k=1.75	20	1.75	2	0.333	9973.333	0.000	0.003
10000	49830	roll-2sided W=20 k=2.00	20	2.00	2	0.333	9973.000	0.000	0.003
10000	49830	roll-2sided W=20 k=2.50	20	2.50	2	0.333	9949.667	0.001	0.005

=== Experiment 10: rolling-window rule on small networks ===
dataset	method	W	k	sided	stop_at	of_merges	K	Q	F1	NMI
karate	Louvain	-	-	-	-1	31	4	0.416	0.689	0.498
karate	GRAZ t=2	-	-	-	-1	31	16	0.186	0.310	0.369
karate	CNM-full	-	-	-	31	31	3	0.381	0.761	0.565
karate	roll-1sided	10	1.75	1	30	31	4	0.376	0.671	0.537
karate	roll-2sided	10	1.75	2	21	31	13	0.269	0.377	0.375
karate	roll-1sided	10	2.00	1	30	31	4	0.376	0.671	0.537
karate	roll-2sided	10	2.00	2	21	31	13	0.269	0.377	0.375
karate	roll-1sided	10	2.50	1	31	31	3	0.381	0.761	0.565
karate	roll-2sided	10	2.50	2	21	31	13	0.269	0.377	0.375
karate	roll-1sided	15	1.75	1	30	31	4	0.376	0.671	0.537
karate	roll-2sided	15	1.75	2	21	31	13	0.269	0.377	0.375
karate	roll-1sided	15	2.00	1	30	31	4	0.376	0.671	0.537
karate	roll-2sided	15	2.00	2	30	31	4	0.376	0.671	0.537
karate	roll-1sided	15	2.50	1	31	31	3	0.381	0.761	0.565
karate	roll-2sided	15	2.50	2	31	31	3	0.381	0.761	0.565
karate	roll-1sided	20	1.75	1	30	31	4	0.376	0.671	0.537
karate	roll-2sided	20	1.75	2	30	31	4	0.376	0.671	0.537
karate	roll-1sided	20	2.00	1	30	31	4	0.376	0.671	0.537
karate	roll-2sided	20	2.00	2	30	31	4	0.376	0.671	0.537
karate	roll-1sided	20	2.50	1	31	31	3	0.381	0.761	0.565
karate	roll-2sided	20	2.50	2	31	31	3	0.381	0.761	0.565
polblogs	Louvain	-	-	-	-1	1481	4	0.295	0.664	0.457
polblogs	GRAZ t=2	-	-	-	-1	1481	27	0.267	0.354	0.274
polblogs	CNM-full	-	-	-	1481	1481	9	0.350	0.600	0.836
polblogs	roll-1sided	10	1.75	1	18	1481	1472	0.001	0.005	0.173
polblogs	roll-2sided	10	1.75	2	18	1481	1472	0.001	0.005	0.173
polblogs	roll-1sided	10	2.00	1	18	1481	1472	0.001	0.005	0.173
polblogs	roll-2sided	10	2.00	2	18	1481	1472	0.001	0.005	0.173
polblogs	roll-1sided	10	2.50	1	21	1481	1469	0.001	0.005	0.173
polblogs	roll-2sided	10	2.50	2	21	1481	1469	0.001	0.005	0.173
polblogs	roll-1sided	15	1.75	1	21	1481	1469	0.001	0.005	0.173
polblogs	roll-2sided	15	1.75	2	21	1481	1469	0.001	0.005	0.173
polblogs	roll-1sided	15	2.00	1	21	1481	1469	0.001	0.005	0.173
polblogs	roll-2sided	15	2.00	2	21	1481	1469	0.001	0.005	0.173
polblogs	roll-1sided	15	2.50	1	47	1481	1443	0.004	0.005	0.173
polblogs	roll-2sided	15	2.50	2	47	1481	1443	0.004	0.005	0.173
polblogs	roll-1sided	20	1.75	1	26	1481	1464	0.002	0.005	0.173
polblogs	roll-2sided	20	1.75	2	26	1481	1464	0.002	0.005	0.173
polblogs	roll-1sided	20	2.00	1	26	1481	1464	0.002	0.005	0.173
polblogs	roll-2sided	20	2.00	2	26	1481	1464	0.002	0.005	0.173
polblogs	roll-1sided	20	2.50	1	47	1481	1443	0.004	0.005	0.173
polblogs	roll-2sided	20	2.50	2	47	1481	1443	0.004	0.005	0.173
email	Louvain	-	-	-	-1	977	8	0.416	0.430	0.592
email	GRAZ t=2	-	-	-	-1	977	18	0.410	0.387	0.637
email	CNM-full	-	-	-	977	977	9	0.351	0.317	0.456
email	roll-1sided	10	1.75	1	43	977	943	0.016	0.150	0.659
email	roll-2sided	10	1.75	2	10	977	976	-0.001	0.143	0.651
email	roll-1sided	10	2.00	1	43	977	943	0.016	0.150	0.659
email	roll-2sided	10	2.00	2	10	977	976	-0.001	0.143	0.651
email	roll-1sided	10	2.50	1	43	977	943	0.016	0.150	0.659
email	roll-2sided	10	2.50	2	36	977	950	0.011	0.149	0.657
email	roll-1sided	15	1.75	1	43	977	943	0.016	0.150	0.659
email	roll-2sided	15	1.75	2	15	977	971	-0.000	0.145	0.652
email	roll-1sided	15	2.00	1	43	977	943	0.016	0.150	0.659
email	roll-2sided	15	2.00	2	15	977	971	-0.000	0.145	0.652
email	roll-1sided	15	2.50	1	103	977	883	0.054	0.156	0.657
email	roll-2sided	15	2.50	2	36	977	950	0.011	0.149	0.657
email	roll-1sided	20	1.75	1	43	977	943	0.016	0.150	0.659
email	roll-2sided	20	1.75	2	20	977	966	0.002	0.146	0.653
email	roll-1sided	20	2.00	1	44	977	942	0.017	0.150	0.659
email	roll-2sided	20	2.00	2	21	977	965	0.003	0.146	0.653
email	roll-1sided	20	2.50	1	210	977	776	0.097	0.160	0.651
email	roll-2sided	20	2.50	2	68	977	918	0.030	0.153	0.658

=== Experiment 9: rolling-window dQ stopping rule (large graphs) ===
  (skipped: pass large=edges[:labels])
