
=== Experiment 11: rolling-window rule on ER nulls (Corollary 1) ===
  (ER has NO communities: true K = 0, lower is better. K counts size>=3.)
N	m	method	W	k	sided	K_ge3	K_all	Q	stop_frac
1000	4984	CNM-full	-	-	-	8.667	8.667	0.281	1.000
1000	4984	GRAZ t=2	-	-	-	58.000	58.000	0.256	1.000
1000	4984	Louvain	-	-	-	14.000	14.000	0.279	1.000
1000	4984	roll-1sided W=10 k=1.75	10	1.75	1	0.333	982.000	0.003	0.018
1000	4984	roll-1sided W=10 k=2.00	10	2.00	1	0.333	982.000	0.003	0.018
1000	4984	roll-1sided W=10 k=2.50	10	2.50	1	0.667	975.000	0.004	0.025
1000	4984	roll-1sided W=15 k=1.75	15	1.75	1	1.000	963.667	0.006	0.037
1000	4984	roll-1sided W=15 k=2.00	15	2.00	1	1.000	961.667	0.007	0.039
1000	4984	roll-1sided W=15 k=2.50	15	2.50	1	1.000	961.667	0.007	0.039
1000	4984	roll-1sided W=20 k=1.75	20	1.75	1	1.667	938.000	0.012	0.063
1000	4984	roll-1sided W=20 k=2.00	20	2.00	1	7.000	795.000	0.052	0.207
1000	4984	roll-1sided W=20 k=2.50	20	2.50	1	3.333	632.000	0.102	0.371
1000	4984	roll-2sided W=10 k=1.75	10	1.75	2	0.000	986.333	0.002	0.014
1000	4984	roll-2sided W=10 k=2.00	10	2.00	2	0.000	986.333	0.002	0.014
1000	4984	roll-2sided W=10 k=2.50	10	2.50	2	0.000	983.000	0.002	0.017
1000	4984	roll-2sided W=15 k=1.75	15	1.75	2	0.333	982.667	0.002	0.017
1000	4984	roll-2sided W=15 k=2.00	15	2.00	2	0.333	981.333	0.003	0.019
1000	4984	roll-2sided W=15 k=2.50	15	2.50	2	0.333	981.333	0.003	0.019
1000	4984	roll-2sided W=20 k=1.75	20	1.75	2	0.667	963.667	0.006	0.037
1000	4984	roll-2sided W=20 k=2.00	20	2.00	2	0.667	963.667	0.006	0.037
1000	4984	roll-2sided W=20 k=2.50	20	2.50	2	0.667	962.333	0.007	0.038
1000	4984	roll-log   W=10 k=1.75	10	1.75	1	0.333	982.000	0.003	0.018
1000	4984	roll-log   W=10 k=2.00	10	2.00	1	0.333	982.000	0.003	0.018
1000	4984	roll-log   W=10 k=2.50	10	2.50	1	0.667	975.000	0.004	0.025
1000	4984	roll-log   W=15 k=1.75	15	1.75	1	1.000	963.667	0.006	0.037
1000	4984	roll-log   W=15 k=2.00	15	2.00	1	1.000	961.667	0.007	0.039
1000	4984	roll-log   W=15 k=2.50	15	2.50	1	1.000	961.667	0.007	0.039
1000	4984	roll-log   W=20 k=1.75	20	1.75	1	1.667	938.000	0.012	0.063
1000	4984	roll-log   W=20 k=2.00	20	2.00	1	6.667	816.667	0.045	0.185
1000	4984	roll-log   W=20 k=2.50	20	2.50	1	7.333	781.667	0.055	0.220
2000	9935	CNM-full	-	-	-	9.667	9.667	0.273	1.000
2000	9935	GRAZ t=2	-	-	-	58.333	58.333	0.262	1.000
2000	9935	Louvain	-	-	-	14.333	14.333	0.282	1.000
2000	9935	roll-1sided W=10 k=1.75	10	1.75	1	0.000	1985.667	0.001	0.007
2000	9935	roll-1sided W=10 k=2.00	10	2.00	1	0.000	1985.667	0.001	0.007
2000	9935	roll-1sided W=10 k=2.50	10	2.50	1	0.000	1985.667	0.001	0.007
2000	9935	roll-1sided W=15 k=1.75	15	1.75	1	0.000	1981.333	0.001	0.009
2000	9935	roll-1sided W=15 k=2.00	15	2.00	1	0.000	1977.333	0.002	0.011
2000	9935	roll-1sided W=15 k=2.50	15	2.50	1	0.000	1974.333	0.002	0.013
2000	9935	roll-1sided W=20 k=1.75	20	1.75	1	0.000	1974.667	0.002	0.013
2000	9935	roll-1sided W=20 k=2.00	20	2.00	1	0.000	1974.000	0.002	0.013
2000	9935	roll-1sided W=20 k=2.50	20	2.50	1	0.000	1959.000	0.004	0.021
2000	9935	roll-2sided W=10 k=1.75	10	1.75	2	0.000	1985.667	0.001	0.007
2000	9935	roll-2sided W=10 k=2.00	10	2.00	2	0.000	1985.667	0.001	0.007
2000	9935	roll-2sided W=10 k=2.50	10	2.50	2	0.000	1985.667	0.001	0.007
2000	9935	roll-2sided W=15 k=1.75	15	1.75	2	0.000	1981.333	0.001	0.009
2000	9935	roll-2sided W=15 k=2.00	15	2.00	2	0.000	1977.333	0.002	0.011
2000	9935	roll-2sided W=15 k=2.50	15	2.50	2	0.000	1974.333	0.002	0.013
2000	9935	roll-2sided W=20 k=1.75	20	1.75	2	0.000	1974.667	0.002	0.013
2000	9935	roll-2sided W=20 k=2.00	20	2.00	2	0.000	1974.000	0.002	0.013
2000	9935	roll-2sided W=20 k=2.50	20	2.50	2	0.000	1959.000	0.004	0.021
2000	9935	roll-log   W=10 k=1.75	10	1.75	1	0.000	1985.667	0.001	0.007
2000	9935	roll-log   W=10 k=2.00	10	2.00	1	0.000	1985.667	0.001	0.007
2000	9935	roll-log   W=10 k=2.50	10	2.50	1	0.000	1985.667	0.001	0.007
2000	9935	roll-log   W=15 k=1.75	15	1.75	1	0.000	1981.333	0.001	0.009
2000	9935	roll-log   W=15 k=2.00	15	2.00	1	0.000	1977.333	0.002	0.011
2000	9935	roll-log   W=15 k=2.50	15	2.50	1	0.000	1974.333	0.002	0.013
2000	9935	roll-log   W=20 k=1.75	20	1.75	1	0.000	1974.667	0.002	0.013
2000	9935	roll-log   W=20 k=2.00	20	2.00	1	0.000	1974.000	0.002	0.013
2000	9935	roll-log   W=20 k=2.50	20	2.50	1	0.000	1959.000	0.004	0.021
5000	24999	CNM-full	-	-	-	10.333	11.000	0.269	1.000
5000	24999	GRAZ t=2	-	-	-	79.333	80.000	0.254	1.000
5000	24999	Louvain	-	-	-	14.000	14.667	0.274	1.000
5000	24999	roll-1sided W=10 k=1.75	10	1.75	1	0.000	4986.667	0.000	0.003
5000	24999	roll-1sided W=10 k=2.00	10	2.00	1	0.000	4982.667	0.000	0.003
5000	24999	roll-1sided W=10 k=2.50	10	2.50	1	0.000	4978.333	0.001	0.004
5000	24999	roll-1sided W=15 k=1.75	15	1.75	1	0.000	4978.000	0.001	0.004
5000	24999	roll-1sided W=15 k=2.00	15	2.00	1	0.000	4973.000	0.001	0.005
5000	24999	roll-1sided W=15 k=2.50	15	2.50	1	0.000	4972.333	0.001	0.006
5000	24999	roll-1sided W=20 k=1.75	20	1.75	1	0.000	4971.333	0.001	0.006
5000	24999	roll-1sided W=20 k=2.00	20	2.00	1	0.000	4971.333	0.001	0.006
5000	24999	roll-1sided W=20 k=2.50	20	2.50	1	0.000	4964.000	0.001	0.007
5000	24999	roll-2sided W=10 k=1.75	10	1.75	2	0.000	4986.667	0.000	0.003
5000	24999	roll-2sided W=10 k=2.00	10	2.00	2	0.000	4982.667	0.000	0.003
5000	24999	roll-2sided W=10 k=2.50	10	2.50	2	0.000	4978.333	0.001	0.004
5000	24999	roll-2sided W=15 k=1.75	15	1.75	2	0.000	4978.000	0.001	0.004
5000	24999	roll-2sided W=15 k=2.00	15	2.00	2	0.000	4973.000	0.001	0.005
5000	24999	roll-2sided W=15 k=2.50	15	2.50	2	0.000	4972.333	0.001	0.006
5000	24999	roll-2sided W=20 k=1.75	20	1.75	2	0.000	4971.333	0.001	0.006
5000	24999	roll-2sided W=20 k=2.00	20	2.00	2	0.000	4971.333	0.001	0.006
5000	24999	roll-2sided W=20 k=2.50	20	2.50	2	0.000	4964.000	0.001	0.007
5000	24999	roll-log   W=10 k=1.75	10	1.75	1	0.000	4986.667	0.000	0.003
5000	24999	roll-log   W=10 k=2.00	10	2.00	1	0.000	4982.667	0.000	0.003
5000	24999	roll-log   W=10 k=2.50	10	2.50	1	0.000	4978.333	0.001	0.004
5000	24999	roll-log   W=15 k=1.75	15	1.75	1	0.000	4978.000	0.001	0.004
5000	24999	roll-log   W=15 k=2.00	15	2.00	1	0.000	4973.000	0.001	0.005
5000	24999	roll-log   W=15 k=2.50	15	2.50	1	0.000	4972.333	0.001	0.006
5000	24999	roll-log   W=20 k=1.75	20	1.75	1	0.000	4971.333	0.001	0.006
5000	24999	roll-log   W=20 k=2.00	20	2.00	1	0.000	4971.333	0.001	0.006
5000	24999	roll-log   W=20 k=2.50	20	2.50	1	0.000	4964.000	0.001	0.007
10000	49830	CNM-full	-	-	-	13.333	13.333	0.261	1.000
10000	49830	GRAZ t=2	-	-	-	93.333	93.333	0.247	1.000
10000	49830	Louvain	-	-	-	24.333	24.333	0.260	1.000
10000	49830	roll-1sided W=10 k=1.75	10	1.75	1	0.000	9988.333	0.000	0.001
10000	49830	roll-1sided W=10 k=2.00	10	2.00	1	0.000	9987.667	0.000	0.001
10000	49830	roll-1sided W=10 k=2.50	10	2.50	1	0.000	9986.333	0.000	0.001
10000	49830	roll-1sided W=15 k=1.75	15	1.75	1	0.333	9981.333	0.000	0.002
10000	49830	roll-1sided W=15 k=2.00	15	2.00	1	0.333	9977.000	0.000	0.002
10000	49830	roll-1sided W=15 k=2.50	15	2.50	1	0.333	9973.000	0.000	0.003
10000	49830	roll-1sided W=20 k=1.75	20	1.75	1	0.333	9973.333	0.000	0.003
10000	49830	roll-1sided W=20 k=2.00	20	2.00	1	0.333	9973.000	0.000	0.003
10000	49830	roll-1sided W=20 k=2.50	20	2.50	1	0.333	9949.667	0.001	0.005
10000	49830	roll-2sided W=10 k=1.75	10	1.75	2	0.000	9988.333	0.000	0.001
10000	49830	roll-2sided W=10 k=2.00	10	2.00	2	0.000	9987.667	0.000	0.001
10000	49830	roll-2sided W=10 k=2.50	10	2.50	2	0.000	9986.333	0.000	0.001
10000	49830	roll-2sided W=15 k=1.75	15	1.75	2	0.333	9981.333	0.000	0.002
10000	49830	roll-2sided W=15 k=2.00	15	2.00	2	0.333	9977.000	0.000	0.002
10000	49830	roll-2sided W=15 k=2.50	15	2.50	2	0.333	9973.000	0.000	0.003
10000	49830	roll-2sided W=20 k=1.75	20	1.75	2	0.333	9973.333	0.000	0.003
10000	49830	roll-2sided W=20 k=2.00	20	2.00	2	0.333	9973.000	0.000	0.003
10000	49830	roll-2sided W=20 k=2.50	20	2.50	2	0.333	9949.667	0.001	0.005
10000	49830	roll-log   W=10 k=1.75	10	1.75	1	0.000	9988.333	0.000	0.001
10000	49830	roll-log   W=10 k=2.00	10	2.00	1	0.000	9987.667	0.000	0.001
10000	49830	roll-log   W=10 k=2.50	10	2.50	1	0.000	9986.333	0.000	0.001
10000	49830	roll-log   W=15 k=1.75	15	1.75	1	0.333	9981.333	0.000	0.002
10000	49830	roll-log   W=15 k=2.00	15	2.00	1	0.333	9977.000	0.000	0.002
10000	49830	roll-log   W=15 k=2.50	15	2.50	1	0.333	9973.000	0.000	0.003
10000	49830	roll-log   W=20 k=1.75	20	1.75	1	0.333	9973.333	0.000	0.003
10000	49830	roll-log   W=20 k=2.00	20	2.00	1	0.333	9973.000	0.000	0.003
10000	49830	roll-log   W=20 k=2.50	20	2.50	1	0.333	9949.667	0.001	0.005

=== Experiment 9: rolling-window dQ stopping rule (large graphs) ===
  (skipped: pass large=edges[:labels])
