0 706
1 706
2 706
3 706
4 706
5 706
6 706
7 308
8 308
9 308
10 308
11 308
12 308
13 31
14 31
15 31
16 31
17 31
18 31
19 259
20 259
21 259
22 259
23 259
24 259
25 577
26 577
27 577
28 577
29 577
30 577
31 290
32 290
33 290
34 290
35 290
36 290
37 290
38 290
39 229
40 229
41 229
42 229
43 229
44 229
45 367
46 367
47 367
48 367
49 367
50 367
51 367
52 1368
53 1368
54 1368
55 1368
56 677
57 677
58 677
59 677
60 677
61 1456
62 1456
63 1456
64 1456
65 1456
66 1456
67 575
68 575
69 575
70 575
71 575
72 575
73 575
74 575
75 575
76 575
77 575
78 575
79 575
80 575
81 575
82 575
83 575
84 575
85 575
86 575
87 575
88 575
89 575
90 575
91 575
92 575
93 575
94 575
95 177
96 177
97 177
98 177
99 177
100 177
101 177
102 177
103 177
104 534
105 534
106 534
107 534
108 534
109 534
110 822
111 822
112 822
113 822
114 822
115 335
116 335
117 335
118 335
119 335
120 335
121 335
122 696
123 696
124 696
125 696
126 696
127 696
128 696
129 878
130 878
131 878
132 878
133 1079
134 1079
135 1079
136 1079
137 1079
138 891
139 891
140 891
141 891
142 891
143 891
144 761
145 761
146 761
147 761
148 761
149 761
150 1117
151 1117
152 1117
153 1117
154 1117
155 1117
156 1117
157 1117
158 1117
159 1117
160 1117
161 1117
162 1117
163 83
164 83
165 83
166 83
167 83
168 368
169 368
170 368
171 368
172 368
173 368
174 606
175 606
176 606
177 606
178 606
179 606
180 606
181 606
182 606
183 606
184 606
185 606
186 606
187 606
188 606
189 606
190 606
191 186
192 186
193 186
194 186
195 186
196 186
197 186
198 186
199 186
200 186
201 705
202 705
203 705
204 705
205 705
206 705
207 705
208 705
209 705
210 705
211 625
212 625
213 625
214 625
215 625
216 625
217 448
218 448
219 448
220 448
221 448
222 448
223 575
224 575
225 575
226 731
227 731
228 731
229 731
230 731
231 610
232 610
233 610
234 610
235 610
236 696
237 696
238 204
239 204
240 204
241 204
242 204
243 204
244 204
245 204
246 204
247 204
248 204
249 204
250 94
251 94
252 94
253 94
254 272
255 272
256 272
257 272
258 272
259 272
260 268
261 268
262 268
263 268
264 268
265 1253
266 1253
267 1253
268 1253
269 1253
270 1253
271 1253
272 1253
273 858
274 858
275 459
276 459
277 459
278 459
279 1079
280 1079
281 1079
282 1079
283 1079
284 1079
285 1079
286 1079
287 788
288 788
289 788
290 788
291 788
292 788
293 788
294 788
295 415
296 415
297 415
298 415
299 415
300 448
301 448
302 448
303 448
304 1145
305 1145
306 1145
307 1145
308 1145
309 1145
310 577
311 577
312 577
313 577
314 577
315 577
316 51
317 51
318 51
319 51
320 51
321 51
322 798
323 798
324 798
325 798
326 798
327 798
328 798
329 798
330 798
331 798
332 798
333 798
334 1028
335 1028
336 1028
337 1028
338 1028
339 1066
340 1066
341 1066
342 1066
343 622
344 622
345 622
346 622
347 622
348 622
349 622
350 622
351 622
352 622
353 622
354 622
355 622
356 622
357 622
358 622
359 622
360 622
361 251
362 251
363 251
364 251
365 251
366 456
367 456
368 456
369 456
370 456
371 562
372 562
373 562
374 562
375 562
376 910
377 910
378 910
379 910
380 910
381 910
382 910
383 360
384 360
385 360
386 360
387 360
388 360
389 433
390 433
391 433
392 433
393 433
394 433
395 433
396 498
397 498
398 498
399 498
400 464
401 464
402 464
403 464
404 464
405 464
406 1060
407 1060
408 1060
409 1060
410 1060
411 633
412 633
413 633
414 633
415 633
416 633
417 633
418 633
419 633
420 479
421 479
422 479
423 479
424 479
425 479
426 366
427 366
428 366
429 366
430 366
431 366
432 366
433 366
434 1028
435 1066
436 1066
437 1066
438 1066
439 1066
440 1066
441 586
442 586
443 586
444 586
445 586
446 586
447 586
448 1083
449 1083
450 1083
451 1083
452 1083
453 411
454 411
455 411
456 411
457 411
458 411
459 411
460 731
461 731
462 731
463 731
464 731
465 731
466 731
467 731
468 731
469 731
470 731
471 731
472 1309
473 1309
474 1309
475 1309
476 829
477 829
478 829
479 829
480 201
481 201
482 201
483 201
484 201
485 201
486 201
487 201
488 201
489 201
490 201
491 201
492 201
493 1238
494 1238
495 1238
496 1238
497 1238
498 1238
499 1238
500 499
501 499
502 499
503 499
504 499
505 499
506 499
507 499
508 499
509 499
510 19
511 19
512 19
513 19
514 19
515 19
516 500
517 500
518 500
519 500
520 500
521 500
522 715
523 715
524 715
525 715
526 715
527 588
528 588
529 588
530 588
531 588
532 588
533 588
534 431
535 431
536 431
537 431
538 431
539 1213
540 1213
541 1213
542 1213
543 1213
544 1213
545 1213
546 438
547 438
548 438
549 438
550 438
551 438
552 438
553 438
554 438
555 438
556 438
557 438
558 438
559 438
560 439
561 439
562 439
563 439
564 439
565 439
566 186
567 186
568 1239
569 186
570 250
571 250
572 250
573 250
574 250
575 172
576 172
577 172
578 172
579 172
580 172
581 173
582 173
583 173
584 173
585 173
586 173
587 173
588 1313
589 1313
590 1313
591 344
592 344
593 344
594 344
595 315
596 315
597 315
598 315
599 315
600 315
601 315
602 315
603 1028
604 1028
605 1028
606 586
607 586
608 586
609 586
610 586
611 586
612 105
613 105
614 105
615 105
616 105
617 105
618 105
619 328
620 328
621 328
622 328
623 328
624 328
625 615
626 615
627 615
628 615
629 615
630 994
631 994
632 994
633 994
634 535
635 535
636 535
637 535
638 535
639 535
640 535
641 535
642 535
643 535
644 520
645 520
646 520
647 520
648 520
649 520
650 520
651 520
652 1220
653 1220
654 1220
655 1220
656 1220
657 1220
658 1220
659 345
660 345
661 345
662 345
663 345
664 345
665 788
666 788
667 788
668 788
669 788
670 788
671 788
672 987
673 987
674 987
675 987
676 987
677 987
678 987
679 987
680 987
681 987
682 987
683 46
684 46
685 46
686 46
687 46
688 46
689 46
690 427
691 427
692 427
693 427
694 427
695 427
696 427
697 289
698 289
699 289
700 289
701 289
702 289
703 736
704 736
705 736
706 1486
707 1486
708 1486
709 1486
710 1486
711 1486
712 1486
713 150
714 150
715 150
716 150
717 150
718 150
719 150
720 150
721 150
722 928
723 928
724 928
725 928
726 928
727 928
728 928
729 928
730 928
731 1114
732 1114
733 1114
734 1114
735 1114
736 1114
737 1114
738 1114
739 423
740 423
741 423
742 423
743 423
744 423
745 1211
746 1211
747 1211
748 1211
749 1211
750 1211
751 706
752 706
753 706
754 706
755 706
756 1192
757 1192
758 1192
759 1192
760 1192
761 328
762 328
763 328
764 328
765 475
766 475
767 475
768 475
769 475
770 475
771 475
772 475
773 475
774 475
775 475
776 475
777 475
778 475
779 475
780 1008
781 1008
782 1008
783 1008
784 244
785 244
786 244
787 244
788 244
789 244
790 1173
791 1173
792 1173
793 1173
794 1173
795 1173
796 1173
797 586
798 345
799 586
800 586
801 1341
802 1341
803 1341
804 1341
805 1341
806 1341
807 1341
808 369
809 369
810 369
811 369
812 369
813 557
814 557
815 557
816 557
817 557
818 557
819 448
820 448
821 448
822 448
823 448
824 521
825 521
826 521
827 521
828 521
829 521
830 188
831 188
832 188
833 188
834 188
835 188
836 188
837 788
838 788
839 788
840 788
841 788
842 1036
843 1036
844 1036
845 1036
846 1036
847 1114
848 1114
849 1114
850 677
851 677
852 677
853 677
854 677
855 677
856 677
857 677
858 677
859 677
860 677
861 677
862 677
863 435
864 435
865 435
866 435
867 435
868 435
869 435
870 435
871 435
872 435
873 435
874 435
875 435
876 435
877 1383
878 1383
879 1383
880 1383
881 1383
882 1383
883 1383
884 1383
885 407
886 407
887 407
888 407
889 407
890 407
891 407
892 407
893 407
894 407
895 71
896 71
897 71
898 71
899 71
900 71
901 599
902 599
903 599
904 599
905 599
906 599
907 599
908 279
909 279
910 279
911 279
912 279
913 279
914 279
915 279
916 279
917 279
918 279
919 279
920 279
921 279
922 279
923 696
924 696
925 696
926 696
927 696
928 696
929 891
930 891
931 891
932 891
933 891
934 891
935 891
936 891
937 891
938 891
939 891
940 891
941 891
942 891
943 891
944 891
945 891
946 891
947 891
948 891
949 454
950 454
951 454
952 454
953 454
954 454
955 454
956 454
957 454
958 454
959 683
960 683
961 683
962 683
963 683
964 683
965 683
966 683
967 1066
968 1066
969 1066
970 1066
971 731
972 731
973 731
974 731
975 731
976 731
977 731
978 731
979 251
980 251
981 251
982 251
983 797
984 797
985 797
986 797
987 797
988 1224
989 1224
990 1224
991 1224
992 1224
993 1224
994 1224
995 344
996 1402
997 1402
998 1402
999 1402
1000 1402
1001 1402
1002 1402
1003 1402
1004 1402
1005 1402
1006 1402
1007 1402
1008 1402
1009 1402
1010 1402
1011 1402
1012 1402
1013 1402
1014 1402
1015 1402
1016 1402
1017 1402
1018 1402
1019 525
1020 525
1021 525
1022 525
1023 525
1024 964
1025 964
1026 964
1027 964
1028 964
1029 386
1030 386
1031 386
1032 386
1033 386
1034 605
1035 605
1036 605
1037 605
1038 605
1039 605
1040 622
1041 622
1042 622
1043 622
1044 66
1045 66
1046 66
1047 429
1048 429
1049 429
1050 429
1051 429
1052 429
1053 429
1054 429
1055 429
1056 429
1057 429
1058 429
1059 116
1060 116
1061 116
1062 116
1063 162
1064 162
1065 162
1066 162
1067 162
1068 162
1069 162
1070 162
1071 162
1072 162
1073 162
1074 70
1075 70
1076 70
1077 70
1078 70
1079 70
1080 70
1081 822
1082 822
1083 822
1084 822
1085 822
1086 822
1087 822
1088 836
1089 836
1090 836
1091 836
1092 836
1093 836
1094 788
1095 788
1096 788
1097 788
1098 788
1099 788
1100 788
1101 366
1102 869
1103 869
1104 869
1105 869
1106 869
1107 1118
1108 1118
1109 1118
1110 1118
1111 1118
1112 1118
1113 1118
1114 264
1115 264
1116 264
1117 264
1118 264
1119 264
1120 431
1121 431
1122 431
1123 431
1124 344
1125 344
1126 344
1127 344
1128 344
1129 344
1130 344
1131 344
1132 344
1133 344
1134 731
1135 731
1136 1164
1137 1164
1138 1164
1139 1164
1140 1164
1141 1164
1142 1164
1143 615
1144 577
1145 577
1146 577
1147 577
1148 577
1149 577
1150 577
1151 577
1152 554
1153 554
1154 554
1155 554
1156 554
1157 554
1158 554
1159 554
1160 554
1161 89
1162 89
1163 89
1164 89
1165 89
1166 89
1167 89
1168 360
1169 360
1170 360
1171 360
1172 360
1173 360
1174 344
1175 344
1176 232
1177 232
1178 232
1179 232
1180 232
1181 232
1182 1129
1183 1129
1184 1129
1185 1129
1186 1129
1187 1129
1188 1129
1189 874
1190 874
1191 874
1192 874
1193 874
1194 874
1195 874
1196 942
1197 942
1198 942
1199 942
1200 942
1201 592
1202 577
1203 577
1204 577
1205 577
1206 577
1207 577
1208 577
1209 577
1210 577
1211 592
1212 577
1213 577
1214 577
1215 577
1216 577
1217 577
1218 577
1219 577
1220 577
1221 577
1222 577
1223 577
1224 577
1225 325
1226 325
1227 325
1228 325
1229 325
1230 325
1231 325
1232 325
1233 325
1234 325
1235 325
1236 325
1237 325
1238 136
1239 136
1240 136
1241 136
1242 431
1243 431
1244 431
1245 431
1246 431
1247 313
1248 313
1249 313
1250 313
1251 313
1252 313
1253 313
1254 313
1255 313
1256 1183
1257 1183
1258 1183
1259 1183
1260 1183
1261 1183
1262 1183
1263 1183
1264 1183
1265 1183
1266 1183
1267 1183
1268 1211
1269 1211
1270 1211
1271 1211
1272 1211
1273 1211
1274 1211
1275 1211
1276 1211
1277 253
1278 253
1279 253
1280 253
1281 253
1282 705
1283 705
1284 705
1285 705
1286 705
1287 705
1288 705
1289 705
1290 705
1291 705
1292 705
1293 705
1294 533
1295 533
1296 533
1297 533
1298 533
1299 533
1300 365
1301 365
1302 365
1303 696
1304 696
1305 891
1306 891
1307 891
1308 168
1309 168
1310 168
1311 168
1312 168
1313 168
1314 168
1315 168
1316 168
1317 168
1318 168
1319 168
1320 261
1321 261
1322 261
1323 261
1324 261
1325 261
1326 261
1327 261
1328 261
1329 261
1330 261
1331 261
1332 170
1333 170
1334 170
1335 170
1336 170
1337 788
1338 788
1339 788
1340 788
1341 788
1342 788
1343 788
1344 788
1345 788
1346 788
1347 788
1348 788
1349 788
1350 788
1351 206
1352 206
1353 206
1354 206
1355 206
1356 206
1357 206
1358 206
1359 206
1360 761
1361 761
1362 761
1363 761
1364 761
1365 761
1366 761
1367 761
1368 428
1369 428
1370 428
1371 428
1372 428
1373 428
1374 428
1375 428
1376 428
1377 428
1378 428
1379 999
1380 999
1381 999
1382 999
1383 1036
1384 1036
1385 1036
1386 1036
1387 1036
1388 1036
1389 1113
1390 1113
1391 1113
1392 1113
1393 1113
1394 1113
1395 1113
1396 1113
1397 1113
1398 1113
1399 1113
1400 1113
1401 1173
1402 1173
1403 1173
1404 1173
1405 1173
1406 104
1407 104
1408 104
1409 104
1410 104
1411 104
1412 104
1413 574
1414 574
1415 574
1416 574
1417 175
1418 175
1419 175
1420 175
1421 175
1422 175
1423 175
1424 175
1425 175
1426 175
1427 175
1428 499
1429 499
1430 470
1431 470
1432 470
1433 470
1434 470
1435 470
1436 625
1437 625
1438 625
1439 625
1440 625
1441 625
1442 625
1443 625
1444 369
1445 369
1446 369
1447 369
1448 226
1449 226
1450 226
1451 226
1452 226
1453 36
1454 36
1455 36
1456 36
1457 36
1458 36
1459 411
1460 411
1461 411
1462 411
1463 680
1464 680
1465 680
1466 680
1467 680
1468 680
1469 680
1470 680
1471 680
1472 680
1473 680
1474 680
1475 680
1476 680
1477 686
1478 680
1479 680
1480 680
1481 680
1482 680
1483 680
1484 680
1485 680
1486 680
1487 680
1488 680
1489 680
1490 680
1491 680
1492 680
1493 680
1494 680
1495 869
1496 869
1497 869
1498 411
1499 876
1500 876
1501 876
1502 876
1503 16
1504 16
1505 16
1506 16
1507 16
1508 761
1509 732
1510 732
1511 732
1512 891
1513 891
1514 891
1515 891
1516 891
1517 891
1518 691
1519 691
1520 691
1521 691
1522 691
1523 691
1524 968
1525 968
1526 968
1527 968
1528 968
1529 968
1530 968
1531 1465
1532 1465
1533 1465
1534 1465
1535 1465
1536 1465
1537 1465
1538 1465
1539 1465
1540 438
1541 438
1542 438
1543 438
1544 438
1545 438
1546 438
1547 438
1548 438
1549 438
1550 438
1551 438
1552 340
1553 340
1554 340
1555 340
1556 340
1557 32
1558 32
1559 32
1560 32
1561 32
1562 237
1563 237
1564 237
1565 237
1566 237
1567 138
1568 138
1569 138
1570 138
1571 138
1572 138
1573 138
1574 544
1575 544
1576 544
1577 544
1578 544
1579 350
1580 350
1581 350
1582 350
1583 350
1584 350
1585 350
1586 350
1587 350
1588 350
1589 1402
1590 125
1591 125
1592 125
1593 125
1594 125
1595 125
1596 125
1597 125
1598 125
1599 125
1600 125
1601 822
1602 822
1603 822
1604 822
1605 822
1606 822
1607 822
1608 822
1609 822
1610 822
1611 822
1612 822
1613 822
1614 822
1615 822
1616 822
1617 822
1618 822
1619 822
1620 822
1621 822
1622 822
1623 822
1624 822
1625 822
1626 359
1627 359
1628 359
1629 359
1630 359
1631 359
1632 149
1633 149
1634 149
1635 149
1636 149
1637 149
1638 651
1639 651
1640 651
1641 770
1642 770
1643 770
1644 770
1645 770
1646 770
1647 770
1648 770
1649 770
1650 770
1651 770
1652 709
1653 709
1654 709
1655 680
1656 680
1657 680
1658 680
1659 680
1660 1272
1661 1272
1662 1272
1663 1272
1664 1272
1665 1272
1666 598
1667 598
1668 598
1669 598
1670 598
1671 598
1672 423
1673 423
1674 423
1675 423
1676 359
1677 359
1678 359
1679 359
1680 359
1681 359
1682 359
1683 359
1684 359
1685 359
1686 359
1687 359
1688 101
1689 101
1690 101
1691 101
1692 101
1693 101
1694 101
1695 101
1696 165
1697 165
1698 165
1699 165
1700 165
1701 165
1702 165
1703 996
1704 922
1705 922
1706 922
1707 922
1708 922
1709 521
1710 521
1711 521
1712 521
1713 209
1714 209
1715 209
1716 209
1717 209
1718 209
1719 209
1720 209
1721 141
1722 141
1723 141
1724 141
1725 141
1726 142
1727 142
1728 142
1729 142
1730 142
1731 598
1732 598
1733 598
1734 598
1735 422
1736 422
1737 422
1738 422
1739 422
1740 422
1741 422
1742 422
1743 422
1744 422
1745 422
1746 422
1747 422
1748 422
1749 422
1750 422
1751 422
1752 422
1753 422
1754 761
1755 761
1756 151
1757 151
1758 151
1759 151
1760 151
1761 151
1762 788
1763 788
1764 788
1765 343
1766 343
1767 343
1768 343
1769 521
1770 521
1771 521
1772 796
1773 796
1774 796
1775 796
1776 796
1777 796
1778 796
1779 268
1780 268
1781 268
1782 268
1783 268
1784 268
1785 527
1786 527
1787 527
1788 527
1789 527
1790 527
1791 527
1792 527
1793 527
1794 386
1795 386
1796 386
1797 529
1798 529
1799 529
1800 529
1801 311
1802 311
1803 311
1804 311
1805 311
1806 311
1807 360
1808 1137
1809 1137
1810 1137
1811 1137
1812 1137
1813 450
1814 450
1815 450
1816 450
1817 450
1818 531
1819 531
1820 531
1821 531
1822 531
1823 531
1824 531
1825 531
1826 683
1827 683
1828 1252
1829 683
1830 683
1831 683
1832 101
1833 289
1834 289
1835 289
1836 289
1837 289
1838 289
1839 289
1840 289
1841 289
1842 289
1843 289
1844 706
1845 706
1846 706
1847 706
1848 706
1849 788
1850 788
1851 788
1852 788
1853 788
1854 788
1855 788
1856 788
1857 788
1858 788
1859 243
1860 243
1861 243
1862 243
1863 243
1864 327
1865 327
1866 327
1867 327
1868 327
1869 327
1870 327
1871 677
1872 677
1873 677
1874 677
1875 677
1876 158
1877 158
1878 158
1879 158
1880 158
1881 158
1882 158
1883 158
1884 534
1885 534
1886 534
1887 1406
1888 1406
1889 1406
1890 1406
1891 1406
1892 1406
1893 680
1894 680
1895 680
1896 680
1897 680
1898 680
1899 680
1900 680
1901 680
1902 680
1903 798
1904 798
1905 798
1906 73
1907 73
1908 73
1909 73
1910 73
1911 706
1912 706
1913 706
1914 706
1915 706
1916 244
1917 244
1918 244
1919 244
1920 244
1921 244
1922 244
1923 244
1924 244
1925 244
1926 244
1927 122
1928 122
1929 122
1930 122
1931 122
1932 122
1933 122
1934 187
1935 187
1936 187
1937 187
1938 187
1939 635
1940 635
1941 635
1942 635
1943 635
1944 635
1945 635
1946 89
1947 89
1948 1057
1949 1057
1950 1057
1951 1423
1952 1423
1953 1423
1954 1423
1955 1423
1956 442
1957 442
1958 442
1959 442
1960 442
1961 442
1962 442
1963 442
1964 991
1965 991
1966 991
1967 683
1968 683
1969 683
1970 683
1971 683
1972 260
1973 260
1974 260
1975 260
1976 260
1977 260
1978 260
1979 260
1980 964
1981 964
1982 964
1983 964
1984 615
1985 615
1986 615
1987 615
1988 389
1989 615
1990 615
1991 615
1992 615
1993 901
1994 901
1995 901
1996 411
1997 411
1998 1271
1999 1271
2000 1271
2001 1271
2002 1271
2003 1271
2004 1271
2005 1271
2006 427
2007 427
2008 427
2009 427
2010 427
2011 427
2012 427
2013 427
2014 94
2015 94
2016 94
2017 94
2018 94
2019 141
2020 141
2021 141
2022 555
2023 555
2024 555
2025 555
2026 555
2027 555
2028 648
2029 648
2030 648
2031 648
2032 648
2033 648
2034 555
2035 555
2036 555
2037 539
2038 539
2039 539
2040 539
2041 539
2042 539
2043 534
2044 557
2045 557
2046 557
2047 557
2048 557
2049 557
2050 1085
2051 1085
2052 1085
2053 1085
2054 518
2055 518
2056 518
2057 891
2058 891
2059 891
2060 891
2061 533
2062 533
2063 836
2064 836
2065 836
2066 836
2067 836
2068 675
2069 675
2070 675
2071 675
2072 675
2073 675
2074 974
2075 974
2076 974
2077 974
2078 974
2079 974
2080 974
2081 350
2082 530
2083 530
2084 530
2085 530
2086 1458
2087 1458
2088 1458
2089 1458
2090 1458
2091 1458
2092 1458
2093 431
2094 431
2095 431
2096 685
2097 685
2098 685
2099 685
2100 685
2101 685
2102 251
2103 870
2104 870
2105 870
2106 870
2107 870
2108 870
2109 870
2110 870
2111 430
2112 430
2113 430
2114 430
2115 430
2116 430
2117 430
2118 430
2119 430
2120 430
2121 430
2122 430
2123 430
2124 430
2125 430
2126 430
2127 438
2128 1038
2129 1038
2130 1038
2131 1038
2132 1038
2133 1038
2134 296
2135 296
2136 296
2137 296
2138 296
2139 296
2140 444
2141 87
2142 329
2143 329
2144 329
2145 329
2146 329
2147 329
2148 405
2149 405
2150 405
2151 405
2152 405
2153 405
2154 405
2155 405
2156 261
2157 261
2158 1456
2159 1456
2160 1456
2161 1456
2162 534
2163 534
2164 566
2165 534
2166 534
2167 534
2168 534
2169 534
2170 534
2171 534
2172 534
2173 534
2174 534
2175 534
2176 534
2177 534
2178 534
2179 534
2180 534
2181 534
2182 534
2183 534
2184 534
2185 534
2186 534
2187 633
2188 633
2189 633
2190 633
2191 633
2192 633
2193 985
2194 985
2195 985
2196 985
2197 985
2198 985
2199 1072
2200 1072
2201 1072
2202 1072
2203 1072
2204 1072
2205 141
2206 172
2207 172
2208 188
2209 188
2210 188
2211 761
2212 761
2213 761
2214 1457
2215 1457
2216 1457
2217 1457
2218 1457
2219 1457
2220 1457
2221 1457
2222 208
2223 208
2224 208
2225 208
2226 208
2227 208
2228 208
2229 208
2230 208
2231 208
2232 208
2233 208
2234 1054
2235 1054
2236 1054
2237 1054
2238 1054
2239 1054
2240 1054
2241 1054
2242 874
2243 874
2244 874
2245 874
2246 874
2247 874
2248 874
2249 874
2250 874
2251 874
2252 874
2253 874
2254 874
2255 322
2256 322
2257 322
2258 322
2259 322
2260 322
2261 683
2262 683
2263 683
2264 683
2265 51
2266 86
2267 86
2268 86
2269 86
2270 989
2271 989
2272 989
2273 59
2274 59
2275 59
2276 59
2277 59
2278 329
2279 329
2280 329
2281 329
2282 329
2283 329
2284 329
2285 329
2286 329
2287 329
2288 329
2289 329
2290 329
2291 329
2292 329
2293 1457
2294 1457
2295 268
2296 268
2297 268
2298 991
2299 991
2300 991
2301 155
2302 155
2303 155
2304 155
2305 155
2306 155
2307 155
2308 155
2309 155
2310 430
2311 430
2312 430
2313 166
2314 166
2315 166
2316 166
2317 166
2318 166
2319 166
2320 166
2321 166
2322 166
2323 166
2324 166
2325 208
2326 386
2327 386
2328 9
2329 9
2330 9
2331 9
2332 9
2333 1423
2334 1423
2335 1423
2336 296
2337 296
2338 296
2339 296
2340 296
2341 296
2342 296
2343 296
2344 296
2345 73
2346 73
2347 738
2348 738
2349 738
2350 738
2351 738
2352 738
2353 108
2354 108
2355 108
2356 108
2357 108
2358 108
2359 108
2360 108
2361 108
2362 1385
2363 1385
2364 1385
2365 1385
2366 1385
2367 1385
2368 588
2369 588
2370 588
2371 588
2372 588
2373 588
2374 761
2375 761
2376 761
2377 761
2378 761
2379 761
2380 761
2381 761
2382 555
2383 164
2384 164
2385 164
2386 164
2387 164
2388 399
2389 399
2390 399
2391 399
2392 399
2393 399
2394 399
2395 399
2396 399
2397 399
2398 527
2399 527
2400 527
2401 527
2402 527
2403 527
2404 527
2405 527
2406 527
2407 521
2408 521
2409 521
2410 521
2411 521
2412 521
2413 521
2414 521
2415 521
2416 521
2417 521
2418 521
2419 521
2420 521
2421 521
2422 521
2423 521
2424 521
2425 521
2426 521
2427 156
2428 156
2429 156
2430 165
2431 165
2432 909
2433 909
2434 909
2435 909
2436 909
2437 909
2438 909
2439 909
2440 909
2441 909
2442 909
2443 909
2444 891
2445 891
2446 891
2447 836
2448 836
2449 836
2450 606
2451 606
2452 568
2453 568
2454 568
2455 568
2456 568
2457 568
2458 404
2459 404
2460 404
2461 404
2462 404
2463 404
2464 891
2465 891
2466 891
2467 891
2468 1162
2469 1162
2470 1162
2471 1162
2472 1162
2473 1162
2474 1162
2475 1162
2476 1478
2477 1478
2478 86
2479 86
2480 86
2481 86
2482 396
2483 396
2484 396
2485 396
2486 396
2487 396
2488 677
2489 677
2490 677
2491 677
2492 739
2493 739
2494 739
2495 739
2496 739
2497 456
2498 456
2499 456
2500 648
2501 648
2502 648
2503 648
2504 648
2505 891
2506 891
2507 891
2508 333
2509 333
2510 333
2511 333
2512 333
2513 535
2514 535
2515 535
2516 535
2517 535
2518 535
2519 535
2520 535
2521 535
2522 331
2523 331
2524 331
2525 331
2526 331
2527 331
2528 331
2529 331
2530 331
2531 331
2532 331
2533 331
2534 331
2535 331
2536 331
2537 331
2538 331
2539 257
2540 257
2541 257
2542 257
2543 257
2544 257
2545 359
2546 359
2547 989
2548 989
2549 989
2550 1414
2551 1414
2552 1414
2553 1414
2554 1414
2555 1414
2556 586
2557 586
2558 586
2559 586
2560 586
2561 586
2562 586
2563 586
2564 586
2565 586
2566 586
2567 586
2568 586
2569 586
2570 586
2571 192
2572 192
2573 192
2574 192
2575 192
2576 192
2577 192
2578 194
2579 194
2580 194
2581 194
2582 194
2583 194
2584 400
2585 400
2586 524
2587 524
2588 524
2589 524
2590 524
2591 529
2592 529
2593 529
2594 529
2595 529
2596 529
2597 529
2598 529
2599 529
2600 529
2601 529
2602 529
2603 529
2604 529
2605 529
2606 529
2607 529
2608 529
2609 529
2610 529
2611 529
2612 885
2613 885
2614 885
2615 885
2616 885
2617 761
2618 761
2619 310
2620 310
2621 310
2622 310
2623 310
2624 527
2625 527
2626 479
2627 479
2628 479
2629 479
2630 479
2631 479
2632 479
2633 479
2634 479
2635 479
2636 479
2637 1333
2638 1333
2639 1333
2640 1333
2641 871
2642 871
2643 871
2644 503
2645 503
2646 503
2647 503
2648 503
2649 503
2650 1066
2651 1066
2652 1066
2653 989
2654 989
2655 989
2656 989
2657 17
2658 17
2659 17
2660 17
2661 177
2662 902
2663 902
2664 902
2665 902
2666 902
2667 902
2668 902
2669 902
2670 358
2671 358
2672 358
2673 358
2674 358
2675 358
2676 358
2677 358
2678 358
2679 358
2680 358
2681 731
2682 1028
2683 1028
2684 692
2685 692
2686 692
2687 692
2688 692
2689 692
2690 588
2691 588
2692 588
2693 588
2694 48
2695 48
2696 48
2697 48
2698 48
2699 345
2700 1214
2701 1214
2702 1214
2703 1214
2704 1214
2705 1095
2706 520
2707 520
2708 676
2709 675
2710 675
2711 675
2712 675
2713 675
2714 1053
2715 1053
2716 1053
2717 1053
2718 1053
2719 1053
2720 1053
2721 1053
2722 1053
2723 275
2724 275
2725 275
2726 275
2727 275
2728 275
2729 696
2730 696
2731 696
2732 138
2733 315
2734 586
2735 586
2736 586
2737 705
2738 705
2739 705
2740 705
2741 705
2742 705
2743 555
2744 259
2745 259
2746 259
2747 503
2748 503
2749 402
2750 402
2751 402
2752 402
2753 402
2754 402
2755 989
2756 989
2757 989
2758 989
2759 989
2760 181
2761 181
2762 181
2763 181
2764 181
2765 181
2766 181
2767 739
2768 739
2769 739
2770 503
2771 503
2772 503
2773 503
2774 1101
2775 1101
2776 1101
2777 1101
2778 1101
2779 1101
2780 1101
2781 1101
2782 606
2783 1114
2784 1114
2785 577
2786 788
2787 788
2788 788
2789 788
2790 788
2791 788
2792 788
2793 788
2794 739
2795 739
2796 739
2797 829
2798 829
2799 829
2800 369
2801 369
2802 369
2803 369
2804 369
2805 369
2806 458
2807 458
2808 458
2809 458
2810 458
2811 458
2812 458
2813 691
2814 691
2815 691
2816 989
2817 989
2818 989
2819 989
2820 369
2821 369
2822 796
2823 635
2824 635
2825 635
2826 635
2827 635
2828 635
2829 555
2830 586
2831 586
2832 575
2833 575
2834 575
2835 575
2836 575
2837 575
2838 891
2839 891
2840 1151
2841 1151
2842 1151
2843 539
2844 539
2845 539
2846 539
2847 86
2848 190
2849 190
2850 190
2851 190
2852 190
2853 190
2854 190
2855 190
2856 190
2857 190
2858 190
2859 1382
2860 1382
2861 1382
2862 1382
2863 1382
2864 1382
2865 1382
2866 1382
2867 1382
2868 1382
2869 1382
2870 1382
2871 1382
2872 1382
2873 1382
2874 1382
2875 1382
2876 1382
2877 1382
2878 731
2879 731
2880 133
2881 133
2882 133
2883 133
2884 133
2885 133
2886 133
2887 1300
2888 1300
2889 1300
2890 1300
2891 1300
2892 475
2893 906
2894 906
2895 906
2896 906
2897 696
2898 696
2899 696
2900 696
2901 696
2902 696
2903 696
2904 1079
2905 1079
2906 189
2907 189
2908 189
2909 189
2910 57
2911 57
2912 57
2913 57
2914 57
2915 57
2916 57
2917 339
2918 339
2919 339
2920 339
2921 339
2922 339
2923 788
2924 788
2925 456
2926 456
2927 456
2928 456
2929 461
2930 461
2931 461
2932 461
2933 461
2934 461
2935 461
2936 461
2937 461
2938 648
2939 648
2940 648
2941 648
2942 770
2943 770
2944 770
2945 770
2946 770
2947 770
2948 353
2949 353
2950 353
2951 353
2952 353
2953 353
2954 353
2955 910
2956 910
2957 910
2958 910
2959 328
2960 328
2961 328
2962 328
2963 328
2964 328
2965 1164
2966 358
2967 358
2968 380
2969 358
2970 358
2971 358
2972 358
2973 358
2974 358
2975 358
2976 358
2977 358
2978 358
2979 696
2980 696
2981 696
2982 696
2983 696
2984 696
2985 696
2986 221
2987 221
2988 221
2989 221
2990 221
2991 221
2992 442
2993 442
2994 648
2995 648
2996 648
2997 648
2998 648
2999 648
3000 648
3001 648
3002 648
3003 648
3004 648
3005 648
3006 648
3007 648
3008 648
3009 648
3010 598
3011 598
3012 858
3013 858
3014 858
3015 858
3016 858
3017 858
3018 858
3019 858
3020 555
3021 555
3022 555
3023 555
3024 555
3025 555
3026 555
3027 555
3028 555
3029 555
3030 555
3031 448
3032 448
3033 448
3034 317
3035 317
3036 317
3037 317
3038 317
3039 750
3040 750
3041 750
3042 750
3043 750
3044 117
3045 117
3046 117
3047 117
3048 117
3049 117
3050 439
3051 439
3052 439
3053 439
3054 456
3055 456
3056 1456
3057 858
3058 858
3059 858
3060 858
3061 34
3062 34
3063 34
3064 34
3065 34
3066 34
3067 34
3068 449
3069 449
3070 449
3071 449
3072 449
3073 449
3074 188
3075 188
3076 188
3077 188
3078 232
3079 232
3080 232
3081 232
3082 232
3083 250
3084 250
3085 250
3086 250
3087 529
3088 529
3089 529
3090 529
3091 610
3092 610
3093 1225
3094 1225
3095 1225
3096 1225
3097 1225
3098 1225
3099 569
3100 569
3101 569
3102 569
3103 569
3104 269
3105 269
3106 269
3107 269
3108 269
3109 269
3110 459
3111 459
3112 253
3113 798
3114 798
3115 1201
3116 1201
3117 1201
3118 1201
3119 1201
3120 521
3121 521
3122 521
3123 208
3124 208
3125 639
3126 639
3127 639
3128 639
3129 639
3130 426
3131 426
3132 426
3133 558
3134 558
3135 558
3136 558
3137 558
3138 598
3139 598
3140 598
3141 598
3142 598
3143 598
3144 598
3145 598
3146 598
3147 598
3148 598
3149 529
3150 529
3151 635
3152 635
3153 635
3154 635
3155 635
3156 635
3157 635
3158 635
3159 1212
3160 1212
3161 1212
3162 1212
3163 1212
3164 1212
3165 1212
3166 1053
3167 1053
3168 1053
3169 1053
3170 1053
3171 1053
3172 1053
3173 104
3174 104
3175 761
3176 761
3177 761
3178 761
3179 761
3180 761
3181 761
3182 761
3183 761
3184 761
3185 761
3186 761
3187 761
3188 761
3189 761
3190 761
3191 395
3192 395
3193 395
3194 395
3195 395
3196 395
3197 395
3198 395
3199 395
3200 198
3201 198
3202 198
3203 198
3204 198
3205 598
3206 598
3207 598
3208 598
3209 598
3210 598
3211 598
3212 598
3213 598
3214 598
3215 598
3216 598
3217 598
3218 343
3219 343
3220 343
3221 343
3222 343
3223 38
3224 38
3225 38
3226 38
3227 38
3228 38
3229 261
3230 261
3231 677
3232 677
3233 677
3234 677
3235 677
3236 677
3237 677
3238 677
3239 677
3240 677
3241 677
3242 72
3243 72
3244 72
3245 72
3246 72
3247 143
3248 143
3249 143
3250 531
3251 435
3252 435
3253 435
3254 1101
3255 1101
3256 1101
3257 1101
3258 1101
3259 1101
3260 468
3261 468
3262 468
3263 468
3264 468
3265 468
3266 468
3267 468
3268 468
3269 1085
3270 1085
3271 1085
3272 495
3273 495
3274 495
3275 495
3276 495
3277 495
3278 495
3279 495
3280 495
3281 495
3282 495
3283 495
3284 495
3285 495
3286 495
3287 495
3288 495
3289 495
3290 495
3291 495
3292 495
3293 495
3294 495
3295 495
3296 495
3297 495
3298 495
3299 495
3300 475
3301 1118
3302 1118
3303 1118
3304 1118
3305 1118
3306 1458
3307 870
3308 836
3309 836
3310 477
3311 477
3312 477
3313 477
3314 477
3315 147
3316 147
3317 147
3318 147
3319 147
3320 147
3321 159
3322 159
3323 159
3324 159
3325 159
3326 159
3327 159
3328 237
3329 237
3330 237
3331 237
3332 237
3333 237
3334 858
3335 890
3336 858
3337 858
3338 814
3339 814
3340 814
3341 1370
3342 814
3343 814
3344 814
3345 541
3346 541
3347 541
3348 541
3349 541
3350 1322
3351 1322
3352 1322
3353 1322
3354 692
3355 692
3356 692
3357 692
3358 692
3359 692
3360 692
3361 692
3362 692
3363 692
3364 692
3365 692
3366 692
3367 692
3368 692
3369 692
3370 692
3371 692
3372 692
3373 692
3374 692
3375 293
3376 293
3377 293
3378 293
3379 293
3380 293
3381 293
3382 293
3383 293
3384 293
3385 293
3386 1383
3387 1383
3388 1383
3389 1383
3390 1383
3391 407
3392 407
3393 407
3394 533
3395 651
3396 651
3397 651
3398 651
3399 651
3400 651
3401 651
3402 651
3403 770
3404 588
3405 588
3406 588
3407 128
3408 128
3409 128
3410 128
3411 128
3412 330
3413 330
3414 330
3415 330
3416 330
3417 891
3418 212
3419 212
3420 212
3421 212
3422 212
3423 212
3424 598
3425 533
3426 533
3427 533
3428 769
3429 769
3430 769
3431 769
3432 769
3433 769
3434 769
3435 1487
3436 1487
3437 1487
3438 1487
3439 1487
3440 1371
3441 1371
3442 1371
3443 1371
3444 1371
3445 1371
3446 1332
3447 1332
3448 1332
3449 1332
3450 1332
3451 1332
3452 285
3453 285
3454 285
3455 285
3456 285
3457 285
3458 285
3459 285
3460 103
3461 103
3462 103
3463 103
3464 103
3465 103
3466 1424
3467 103
3468 103
3469 103
3470 103
3471 449
3472 449
3473 449
3474 449
3475 449
3476 449
3477 449
3478 362
3479 362
3480 362
3481 362
3482 362
3483 362
3484 362
3485 362
3486 362
3487 890
3488 858
3489 858
3490 890
3491 858
3492 858
3493 598
3494 470
3495 470
3496 470
3497 470
3498 470
3499 902
3500 411
3501 411
3502 411
3503 411
3504 411
3505 411
3506 411
3507 411
3508 411
3509 1218
3510 1218
3511 1218
3512 1218
3513 1218
3514 1218
3515 1218
3516 279
3517 153
3518 153
3519 153
3520 153
3521 153
3522 153
3523 588
3524 588
3525 588
3526 588
3527 588
3528 588
3529 588
3530 902
3531 902
3532 902
3533 902
3534 535
3535 118
3536 118
3537 118
3538 118
3539 118
3540 118
3541 118
3542 118
3543 309
3544 309
3545 309
3546 309
3547 309
3548 309
3549 152
3550 152
3551 152
3552 152
3553 152
3554 431
3555 431
3556 449
3557 449
3558 449
3559 449
3560 449
3561 449
3562 910
3563 910
3564 910
3565 910
3566 910
3567 557
3568 606
3569 606
3570 606
3571 606
3572 606
3573 606
3574 606
3575 606
3576 459
3577 459
3578 459
3579 459
3580 459
3581 459
3582 459
3583 459
3584 459
3585 459
3586 459
3587 680
3588 680
3589 680
3590 680
3591 680
3592 680
3593 680
3594 680
3595 680
3596 680
3597 680
3598 680
3599 680
3600 680
3601 680
3602 41
3603 41
3604 41
3605 41
3606 41
3607 731
3608 731
3609 731
3610 731
3611 731
3612 731
3613 731
3614 731
3615 731
3616 731
3617 731
3618 731
3619 907
3620 907
3621 907
3622 535
3623 1213
3624 1213
3625 229
3626 229
3627 229
3628 731
3629 731
3630 731
3631 692
3632 692
3633 692
3634 516
3635 516
3636 516
3637 516
3638 516
3639 395
3640 395
3641 395
3642 303
3643 303
3644 303
3645 651
3646 651
3647 1497
3648 1497
3649 1497
3650 914
3651 914
3652 914
3653 914
3654 914
3655 277
3656 277
3657 277
3658 277
3659 277
3660 277
3661 277
3662 277
3663 569
3664 569
3665 569
3666 569
3667 569
3668 989
3669 627
3670 627
3671 627
3672 627
3673 627
3674 627
3675 524
3676 524
3677 524
3678 524
3679 524
3680 524
3681 524
3682 524
3683 524
3684 524
3685 524
3686 524
3687 524
3688 524
3689 524
3690 524
3691 858
3692 858
3693 858
3694 858
3695 858
3696 858
3697 250
3698 250
3699 1181
3700 1181
3701 1181
3702 1181
3703 1181
3704 518
3705 518
3706 518
3707 518
3708 518
3709 518
3710 69
3711 69
3712 69
3713 69
3714 69
3715 69
3716 132
3717 132
3718 132
3719 132
3720 132
3721 870
3722 870
3723 411
3724 411
3725 411
3726 250
3727 250
3728 250
3729 916
3730 916
3731 916
3732 916
3733 323
3734 323
3735 323
3736 323
3737 323
3738 323
3739 323
3740 323
3741 323
3742 323
3743 485
3744 485
3745 485
3746 485
3747 344
3748 344
3749 344
3750 344
3751 344
3752 344
3753 353
3754 353
3755 353
3756 353
3757 353
3758 353
3759 353
3760 353
3761 353
3762 353
3763 353
3764 353
3765 353
3766 353
3767 811
3768 811
3769 811
3770 811
3771 811
3772 811
3773 833
3774 833
3775 833
3776 833
3777 633
3778 633
3779 633
3780 633
3781 1386
3782 1386
3783 1386
3784 1386
3785 910
3786 910
3787 910
3788 910
3789 733
3790 733
3791 733
3792 733
3793 891
3794 891
3795 891
3796 891
3797 891
3798 891
3799 891
3800 891
3801 891
3802 891
3803 891
3804 891
3805 891
3806 891
3807 677
3808 677
3809 677
3810 677
3811 116
3812 116
3813 675
3814 675
3815 178
3816 178
3817 178
3818 178
3819 178
3820 178
3821 178
3822 788
3823 788
3824 788
3825 788
3826 788
3827 788
3828 731
3829 731
3830 731
3831 731
3832 731
3833 731
3834 731
3835 891
3836 891
3837 891
3838 891
3839 238
3840 238
3841 238
3842 238
3843 238
3844 238
3845 238
3846 238
3847 238
3848 238
3849 238
3850 238
3851 238
3852 238
3853 739
3854 542
3855 542
3856 542
3857 542
3858 542
3859 542
3860 542
3861 675
3862 738
3863 738
3864 738
3865 738
3866 738
3867 738
3868 738
3869 738
3870 738
3871 738
3872 738
3873 738
3874 738
3875 738
3876 272
3877 272
3878 272
3879 272
3880 272
3881 312
3882 312
3883 312
3884 312
3885 312
3886 312
3887 93
3888 93
3889 93
3890 93
3891 93
3892 93
3893 93
3894 375
3895 375
3896 375
3897 533
3898 533
3899 533
3900 435
3901 435
3902 435
3903 435
3904 435
3905 435
3906 435
3907 435
3908 435
3909 989
3910 989
3911 989
3912 423
3913 423
3914 199
3915 199
3916 199
3917 199
3918 199
3919 199
3920 199
3921 207
3922 207
3923 207
3924 207
3925 207
3926 207
3927 308
3928 308
3929 308
3930 308
3931 308
3932 327
3933 282
3934 282
3935 282
3936 282
3937 282
3938 282
3939 282
3940 282
3941 282
3942 282
3943 282
3944 282
3945 989
3946 989
3947 989
3948 989
3949 989
3950 989
3951 989
3952 588
3953 588
3954 588
3955 588
3956 588
3957 152
3958 422
3959 422
3960 139
3961 139
3962 139
3963 139
3964 139
3965 139
3966 139
3967 139
3968 527
3969 527
3970 527
3971 527
3972 527
3973 527
3974 527
3975 527
3976 527
3977 657
3978 657
3979 657
3980 657
3981 657
3982 627
3983 627
3984 627
3985 157
3986 157
3987 157
3988 157
3989 157
3990 157
3991 477
3992 477
3993 286
3994 286
3995 286
3996 286
3997 286
3998 520
3999 107
4000 107
4001 107
4002 956
4003 404
4004 404
4005 788
4006 120
4007 120
4008 120
4009 120
4010 223
4011 223
4012 223
4013 223
4014 18
4015 18
4016 18
4017 18
4018 634
4019 634
4020 634
4021 634
4022 634
4023 634
4024 330
4025 330
4026 330
4027 330
4028 240
4029 240
4030 240
4031 240
4032 240
4033 240
4034 240
4035 240
4036 164
4037 164
4038 164
4039 164
4040 164
4041 164
4042 943
4043 943
4044 943
4045 943
4046 943
4047 943
4048 943
4049 1183
4050 1183
4051 1183
4052 1183
4053 1183
4054 1183
4055 1183
4056 1183
4057 1183
4058 1183
4059 1183
4060 1183
4061 1183
4062 1183
4063 1183
4064 732
4065 732
4066 732
4067 732
4068 732
4069 732
4070 307
4071 307
4072 307
4073 307
4074 200
4075 200
4076 200
4077 200
4078 200
4079 402
4080 402
4081 402
4082 402
4083 402
4084 359
4085 554
4086 554
4087 554
4088 554
4089 554
4090 554
4091 554
4092 322
4093 322
4094 575
4095 201
4096 442
4097 891
4098 891
4099 922
4100 922
4101 922
4102 922
4103 922
4104 922
4105 922
4106 922
4107 158
4108 158
4109 158
4110 923
4111 923
4112 499
4113 499
4114 499
4115 499
4116 238
4117 524
4118 227
4119 227
4120 227
4121 227
4122 227
4123 227
4124 227
4125 227
4126 227
4127 227
4128 227
4129 227
4130 227
4131 1031
4132 1031
4133 1031
4134 1031
4135 1117
4136 1117
4137 577
4138 910
4139 910
4140 910
4141 910
4142 910
4143 910
4144 910
4145 910
4146 322
4147 322
4148 322
4149 322
4150 322
4151 322
4152 322
4153 322
4154 382
4155 382
4156 382
4157 382
4158 382
4159 382
4160 382
4161 352
4162 352
4163 352
4164 352
4165 352
4166 352
4167 352
4168 352
4169 352
4170 352
4171 395
4172 395
4173 625
4174 625
4175 625
4176 625
4177 625
4178 263
4179 263
4180 263
4181 263
4182 263
4183 263
4184 263
4185 739
4186 566
4187 696
4188 1066
4189 1066
4190 1066
4191 1066
4192 1066
4193 1066
4194 1066
4195 282
4196 282
4197 282
4198 282
4199 891
4200 891
4201 156
4202 156
4203 156
4204 156
4205 156
4206 1252
4207 692
4208 692
4209 94
4210 317
4211 317
4212 317
4213 317
4214 317
4215 317
4216 317
4217 905
4218 905
4219 905
4220 905
4221 677
4222 677
4223 836
4224 836
4225 836
4226 836
4227 836
4228 836
4229 333
4230 333
4231 333
4232 162
4233 162
4234 598
4235 598
4236 598
4237 598
4238 598
4239 598
4240 598
4241 788
4242 788
4243 788
4244 788
4245 788
4246 798
4247 798
4248 798
4249 798
4250 798
4251 1341
4252 79
4253 79
4254 79
4255 79
4256 79
4257 79
4258 79
4259 150
4260 150
4261 150
4262 80
4263 80
4264 80
4265 529
4266 311
4267 311
4268 311
4269 311
4270 761
4271 761
4272 761
4273 761
4274 761
4275 761
4276 761
4277 696
4278 696
4279 788
4280 788
4281 788
4282 788
4283 1142
4284 1142
4285 1142
4286 1142
4287 1142
4288 1142
4289 1342
4290 1342
4291 1342
4292 1342
4293 1342
4294 909
4295 909
4296 909
4297 909
4298 909
4299 226
4300 226
4301 226
4302 226
4303 226
4304 226
4305 226
4306 226
4307 226
4308 282
4309 1079
4310 1079
4311 1079
4312 1079
4313 1079
4314 1079
4315 1079
4316 1079
4317 1079
4318 1079
4319 731
4320 731
4321 731
4322 118
4323 149
4324 1310
4325 1310
4326 1310
4327 1310
4328 1310
4329 1310
4330 1310
4331 1310
4332 423
4333 423
4334 423
4335 423
4336 606
4337 891
4338 891
4339 891
4340 891
4341 891
4342 891
4343 891
4344 891
4345 588
4346 588
4347 588
4348 588
4349 588
4350 406
4351 406
4352 406
4353 432
4354 432
4355 432
4356 432
4357 432
4358 432
4359 432
4360 432
4361 432
4362 328
4363 731
4364 891
4365 891
4366 891
4367 891
4368 428
4369 625
4370 625
4371 369
4372 909
4373 909
4374 909
4375 909
4376 325
4377 325
4378 698
4379 698
4380 698
4381 698
4382 698
4383 587
4384 587
4385 587
4386 587
4387 587
4388 587
4389 315
4390 456
4391 456
4392 456
4393 456
4394 456
4395 456
4396 456
4397 456
4398 456
4399 456
4400 456
4401 456
4402 456
4403 344
4404 344
4405 344
4406 586
4407 586
4408 350
4409 283
4410 283
4411 283
4412 283
4413 283
4414 283
4415 283
4416 635
4417 635
4418 635
4419 635
4420 635
4421 635
4422 635
4423 635
4424 635
4425 181
4426 181
4427 181
4428 181
4429 520
4430 520
4431 520
4432 520
4433 520
4434 520
4435 520
4436 520
4437 307
4438 307
4439 307
4440 307
4441 822
4442 822
4443 822
4444 315
4445 315
4446 315
4447 315
4448 315
4449 315
4450 315
4451 315
4452 315
4453 315
4454 677
4455 914
4456 761
4457 761
4458 761
4459 761
4460 769
4461 498
4462 396
4463 396
4464 396
4465 396
4466 459
4467 459
4468 459
4469 459
4470 459
4471 422
4472 132
4473 132
4474 132
4475 190
4476 895
4477 895
4478 895
4479 895
4480 895
4481 1218
4482 349
4483 349
4484 349
4485 349
4486 349
4487 836
4488 836
4489 588
4490 588
4491 588
4492 588
4493 588
4494 198
4495 198
4496 568
4497 568
4498 568
4499 568
4500 568
4501 568
4502 568
4503 578
4504 568
4505 568
4506 568
4507 448
4508 448
4509 96
4510 96
4511 96
4512 96
4513 96
4514 407
4515 407
4516 407
4517 407
4518 139
4519 139
4520 309
4521 309
4522 891
4523 891
4524 891
4525 891
4526 891
4527 891
4528 891
4529 891
4530 891
4531 891
4532 891
4533 891
4534 891
4535 525
4536 525
4537 525
4538 525
4539 525
4540 622
4541 622
4542 622
4543 622
4544 622
4545 622
4546 683
4547 1252
4548 788
4549 788
4550 788
4551 788
4552 788
4553 788
4554 788
4555 692
4556 692
4557 1085
4558 1085
4559 1085
4560 1085
4561 1085
4562 1085
4563 1085
4564 1085
4565 1085
4566 477
4567 477
4568 338
4569 338
4570 338
4571 338
4572 338
4573 338
4574 891
4575 1280
4576 1280
4577 1280
4578 1280
4579 1280
4580 414
4581 414
4582 414
4583 414
4584 414
4585 414
4586 414
4587 414
4588 414
4589 414
4590 339
4591 339
4592 339
4593 339
4594 339
4595 339
4596 673
4597 673
4598 673
4599 673
4600 673
4601 673
4602 673
4603 1406
4604 1406
4605 1406
4606 738
4607 738
4608 147
4609 147
4610 147
4611 147
4612 448
4613 448
4614 448
4615 448
4616 448
4617 1117
4618 1117
4619 1117
4620 1117
4621 1117
4622 331
4623 331
4624 331
4625 330
4626 330
4627 330
4628 330
4629 330
4630 330
4631 400
4632 400
4633 209
4634 648
4635 648
4636 648
4637 648
4638 648
4639 648
4640 648
4641 635
4642 635
4643 635
4644 468
4645 611
4646 611
4647 611
4648 611
4649 611
4650 119
4651 119
4652 119
4653 119
4654 119
4655 119
4656 119
4657 1478
4658 1478
4659 1478
4660 1478
4661 1478
4662 1478
4663 1478
4664 1478
4665 430
4666 430
4667 430
4668 430
4669 430
4670 430
4671 430
4672 430
4673 430
4674 430
4675 430
4676 430
4677 430
4678 407
4679 407
4680 1214
4681 1214
4682 464
4683 464
4684 770
4685 770
4686 770
4687 770
4688 770
4689 731
4690 731
4691 731
4692 433
4693 433
4694 433
4695 433
4696 433
4697 11
4698 11
4699 11
4700 11
4701 533
4702 206
4703 206
4704 206
4705 586
4706 586
4707 586
4708 503
4709 503
4710 910
4711 910
4712 910
4713 535
4714 535
4715 989
4716 989
4717 1028
4718 347
4719 347
4720 347
4721 347
4722 347
4723 347
4724 829
4725 829
4726 102
4727 102
4728 102
4729 102
4730 232
4731 1150
4732 704
4733 680
4734 341
4735 341
4736 297
4737 297
4738 297
4739 297
4740 98
4741 98
4742 98
4743 98
4744 98
4745 98
4746 98
4747 535
4748 535
4749 535
4750 869
4751 869
4752 869
4753 869
4754 869
4755 869
4756 798
4757 798
4758 798
4759 468
4760 468
4761 1332
4762 1332
4763 1332
4764 1332
4765 1332
4766 1332
4767 1332
4768 1332
4769 1135
4770 1135
4771 1135
4772 1135
4773 1135
4774 1135
4775 738
4776 738
4777 738
4778 738
4779 281
4780 281
4781 281
4782 281
4783 281
4784 281
4785 402
4786 402
4787 402
4788 322
4789 422
4790 422
4791 88
4792 88
4793 88
4794 88
4795 622
4796 622
4797 1367
4798 1367
4799 1367
4800 1367
4801 1367
4802 1028
4803 1028
4804 1028
4805 1152
4806 1152
4807 1152
4808 770
4809 770
4810 770
4811 770
4812 330
4813 330
4814 330
4815 330
4816 836
4817 836
4818 107
4819 107
4820 107
4821 107
4822 107
4823 625
4824 625
4825 625
4826 625
4827 625
4828 625
4829 1085
4830 1085
4831 1085
4832 1085
4833 1085
4834 1085
4835 1085
4836 1085
4837 1085
4838 635
4839 858
4840 858
4841 858
4842 858
4843 858
4844 449
4845 449
4846 449
4847 449
4848 449
4849 449
4850 151
4851 151
4852 405
4853 405
4854 405
4855 405
4856 405
4857 405
4858 405
4859 450
4860 450
4861 450
4862 450
4863 450
4864 450
4865 442
4866 442
4867 153
4868 153
4869 153
4870 439
4871 439
4872 439
4873 439
4874 439
4875 439
4876 439
4877 439
4878 439
4879 439
4880 439
4881 439
4882 439
4883 439
4884 874
4885 874
4886 874
4887 874
4888 874
4889 874
4890 1272
4891 1073
4892 1073
4893 1073
4894 1201
4895 1201
4896 1201
4897 1201
4898 1201
4899 1201
4900 470
4901 470
4902 470
4903 470
4904 470
4905 470
4906 470
4907 470
4908 470
4909 470
4910 218
4911 218
4912 218
4913 218
4914 218
4915 218
4916 1185
4917 1185
4918 1185
4919 1185
4920 1185
4921 1185
4922 1185
4923 1185
4924 651
4925 651
4926 651
4927 651
4928 651
4929 651
4930 651
4931 651
4932 651
4933 651
4934 651
4935 229
4936 229
4937 229
4938 229
4939 229
4940 229
4941 229
4942 365
4943 365
4944 365
4945 1060
4946 1060
4947 1060
4948 1060
4949 1060
4950 1060
4951 1060
4952 1060
4953 1060
4954 458
4955 458
4956 243
4957 243
4958 243
4959 243
4960 243
4961 243
4962 243
4963 243
4964 243
4965 243
4966 243
4967 788
4968 788
4969 116
4970 1345
4971 1345
4972 1345
4973 1345
4974 1345
4975 1345
4976 1345
4977 998
4978 924
4979 924
4980 158
4981 705
4982 705
4983 705
4984 705
4985 155
4986 155
4987 989
4988 798
4989 427
4990 427
4991 427
4992 427
4993 427
4994 499
4995 317
4996 317
4997 1253
4998 191
4999 191
5000 191
5001 191
5002 191
5003 191
5004 191
5005 191
5006 191
5007 191
5008 382
5009 382
5010 382
5011 382
5012 382
5013 382
5014 743
5015 743
5016 743
5017 743
5018 743
5019 743
5020 470
5021 470
5022 470
5023 470
5024 470
5025 481
5026 481
5027 470
5028 470
5029 470
5030 470
5031 470
5032 470
5033 414
5034 414
5035 1300
5036 1300
5037 1300
5038 1300
5039 677
5040 677
5041 677
5042 677
5043 677
5044 705
5045 705
5046 414
5047 414
5048 414
5049 200
5050 200
5051 200
5052 200
5053 200
5054 202
5055 200
5056 200
5057 161
5058 161
5059 161
5060 161
5061 161
5062 161
5063 309
5064 309
5065 309
5066 309
5067 309
5068 309
5069 309
5070 309
5071 495
5072 831
5073 831
5074 831
5075 831
5076 831
5077 831
5078 448
5079 448
5080 448
5081 448
5082 448
5083 1478
5084 1478
5085 1478
5086 1478
5087 300
5088 300
5089 300
5090 300
5091 300
5092 300
5093 891
5094 527
5095 527
5096 527
5097 464
5098 464
5099 464
5100 464
5101 464
5102 464
5103 464
5104 464
5105 464
5106 464
5107 464
5108 464
5109 1422
5110 1422
5111 1422
5112 154
5113 154
5114 154
5115 154
5116 154
5117 154
5118 154
5119 154
5120 587
5121 587
5122 1101
5123 1101
5124 1101
5125 625
5126 625
5127 772
5128 772
5129 772
5130 772
5131 627
5132 442
5133 442
5134 442
5135 442
5136 442
5137 257
5138 257
5139 257
5140 588
5141 588
5142 588
5143 352
5144 429
5145 429
5146 429
5147 429
5148 429
5149 429
5150 429
5151 404
5152 404
5153 404
5154 404
5155 404
5156 477
5157 477
5158 456
5159 723
5160 723
5161 723
5162 1406
5163 1456
5164 1456
5165 1406
5166 136
5167 136
5168 136
5169 136
5170 136
5171 136
5172 1257
5173 1257
5174 1257
5175 1257
5176 1257
5177 858
5178 858
5179 858
5180 858
5181 858
5182 858
5183 858
5184 858
5185 1406
5186 1406
5187 1406
5188 1406
5189 69
5190 450
5191 450
5192 419
5193 419
5194 419
5195 419
5196 419
5197 419
5198 419
5199 419
5200 293
5201 293
5202 598
5203 598
5204 598
5205 598
5206 598
5207 415
5208 415
5209 415
5210 415
5211 47
5212 47
5213 47
5214 47
5215 47
5216 47
5217 47
5218 340
5219 340
5220 293
5221 673
5222 673
5223 909
5224 909
5225 909
5226 909
5227 909
5228 909
5229 194
5230 194
5231 194
5232 1183
5233 1456
5234 360
5235 360
5236 360
5237 360
5238 360
5239 360
5240 738
5241 199
5242 199
5243 199
5244 199
5245 199
5246 207
5247 485
5248 485
5249 696
5250 696
5251 696
5252 696
5253 696
5254 282
5255 431
5256 431
5257 431
5258 431
5259 431
5260 431
5261 431
5262 431
5263 598
5264 527
5265 527
5266 527
5267 527
5268 459
5269 459
5270 817
5271 817
5272 817
5273 154
5274 269
5275 269
5276 269
5277 269
5278 269
5279 269
5280 300
5281 300
5282 350
5283 404
5284 404
5285 404
5286 555
5287 1345
5288 294
5289 294
5290 294
5291 294
5292 294
5293 294
5294 294
5295 294
5296 858
5297 1173
5298 1173
5299 1173
5300 675
5301 675
5302 675
5303 675
5304 675
5305 675
5306 675
5307 675
5308 675
5309 675
5310 675
5311 675
5312 675
5313 675
5314 969
5315 969
5316 969
5317 969
5318 969
5319 969
5320 577
5321 1383
5322 1383
5323 696
5324 438
5325 533
5326 533
5327 533
5328 533
5329 533
5330 533
5331 533
5332 533
5333 533
5334 533
5335 533
5336 533
5337 533
5338 689
5339 689
5340 689
5341 689
5342 689
5343 689
5344 689
5345 689
5346 323
5347 323
5348 323
5349 323
5350 323
5351 323
5352 323
5353 350
5354 350
5355 350
5356 82
5357 82
5358 82
5359 82
5360 82
5361 82
5362 1406
5363 1406
5364 204
5365 151
5366 151
5367 151
5368 322
5369 470
5370 977
5371 977
5372 977
5373 315
5374 315
5375 272
5376 272
5377 272
5378 272
5379 205
5380 205
5381 205
5382 205
5383 205
5384 205
5385 365
5386 675
5387 1326
5388 1326
5389 1326
5390 1326
5391 773
5392 773
5393 773
5394 651
5395 651
5396 651
5397 989
5398 989
5399 989
5400 989
5401 989
5402 989
5403 498
5404 524
5405 121
5406 121
5407 121
5408 479
5409 479
5410 479
5411 311
5412 311
5413 311
5414 428
5415 428
5416 428
5417 3
5418 3
5419 3
5420 3
5421 705
5422 705
5423 232
5424 1101
5425 1101
5426 435
5427 435
5428 435
5429 555
5430 1028
5431 498
5432 498
5433 1456
5434 1456
5435 1456
5436 858
5437 858
5438 858
5439 715
5440 1382
5441 1382
5442 1382
5443 1382
5444 314
5445 314
5446 314
5447 314
5448 314
5449 314
5450 314
5451 314
5452 314
5453 314
5454 314
5455 314
5456 314
5457 314
5458 314
5459 314
5460 314
5461 314
5462 527
5463 534
5464 534
5465 788
5466 518
5467 518
5468 518
5469 518
5470 1406
5471 586
5472 1028
5473 1028
5474 1028
5475 1028
5476 1028
5477 989
5478 303
5479 303
5480 303
5481 303
5482 303
5483 303
5484 303
5485 303
5486 303
5487 303
5488 303
5489 698
5490 698
5491 698
5492 698
5493 698
5494 698
5495 698
5496 1040
5497 798
5498 874
5499 874
5500 874
5501 625
5502 761
5503 535
5504 535
5505 535
5506 535
5507 535
5508 535
5509 615
5510 615
5511 615
5512 885
5513 635
5514 635
5515 635
5516 635
5517 1405
5518 1405
5519 1405
5520 1405
5521 871
5522 871
5523 871
5524 871
5525 343
5526 343
5527 1142
5528 660
5529 660
5530 660
5531 660
5532 660
5533 660
5534 989
5535 989
5536 989
5537 1253
5538 1253
5539 1253
5540 1253
5541 1253
5542 1253
5543 1253
5544 1253
5545 1253
5546 738
5547 738
5548 738
5549 586
5550 1088
5551 1088
5552 1088
5553 1088
5554 499
5555 499
5556 400
5557 400
5558 400
5559 400
5560 400
5561 400
5562 400
5563 400
5564 400
5565 400
5566 400
5567 400
5568 555
5569 141
5570 405
5571 770
5572 770
5573 770
5574 770
5575 770
5576 770
5577 770
5578 770
5579 770
5580 770
5581 557
5582 1238
5583 1238
5584 1238
5585 1238
5586 922
5587 922
5588 922
5589 731
5590 731
5591 923
5592 923
5593 923
5594 923
5595 923
5596 996
5597 922
5598 788
5599 788
5600 788
5601 683
5602 58
5603 58
5604 58
5605 58
5606 58
5607 58
5608 335
5609 335
5610 335
5611 335
5612 335
5613 205
5614 205
5615 586
5616 586
5617 586
5618 1421
5619 1421
5620 1421
5621 1421
5622 1421
5623 1421
5624 1421
5625 451
5626 451
5627 451
5628 451
5629 451
5630 451
5631 451
5632 451
5633 451
5634 635
5635 272
5636 272
5637 822
5638 311
5639 311
5640 311
5641 311
5642 27
5643 27
5644 27
5645 27
5646 27
5647 27
5648 395
5649 395
5650 395
5651 395
5652 395
5653 56
5654 56
5655 56
5656 56
5657 56
5658 56
5659 529
5660 498
5661 498
5662 498
5663 498
5664 498
5665 498
5666 498
5667 498
5668 498
5669 498
5670 498
5671 498
5672 498
5673 498
5674 498
5675 498
5676 498
5677 1383
5678 1383
5679 1383
5680 1383
5681 1383
5682 1383
5683 1383
5684 347
5685 347
5686 347
5687 347
5688 347
5689 680
5690 858
5691 858
5692 844
5693 844
5694 844
5695 844
5696 521
5697 521
5698 521
5699 521
5700 521
5701 575
5702 575
5703 575
5704 575
5705 575
5706 575
5707 575
5708 575
5709 575
5710 575
5711 575
5712 477
5713 477
5714 535
5715 994
5716 349
5717 349
5718 1257
5719 1257
5720 622
5721 761
5722 761
5723 761
5724 761
5725 117
5726 117
5727 770
5728 770
5729 622
5730 123
5731 123
5732 123
5733 123
5734 123
5735 123
5736 123
5737 123
5738 606
5739 548
5740 548
5741 548
5742 548
5743 548
5744 548
5745 548
5746 548
5747 548
5748 548
5749 548
5750 548
5751 738
5752 520
5753 520
5754 308
5755 308
5756 308
5757 308
5758 308
5759 386
5760 738
5761 738
5762 635
5763 635
5764 635
5765 635
5766 648
5767 648
5768 648
5769 648
5770 648
5771 648
5772 648
5773 648
5774 648
5775 648
5776 966
5777 966
5778 966
5779 966
5780 1101
5781 1101
5782 568
5783 568
5784 568
5785 568
5786 568
5787 568
5788 366
5789 366
5790 366
5791 366
5792 366
5793 366
5794 366
5795 366
5796 366
5797 189
5798 189
5799 189
5800 189
5801 858
5802 858
5803 858
5804 858
5805 858
5806 429
5807 429
5808 429
5809 429
5810 429
5811 429
5812 1327
5813 1327
5814 1327
5815 1327
5816 1327
5817 1327
5818 598
5819 598
5820 525
5821 525
5822 525
5823 995
5824 995
5825 995
5826 995
5827 339
5828 1036
5829 1036
5830 350
5831 475
5832 415
5833 415
5834 415
5835 415
5836 415
5837 588
5838 330
5839 328
5840 788
5841 788
5842 788
5843 788
5844 71
5845 547
5846 547
5847 547
5848 547
5849 547
5850 278
5851 278
5852 278
5853 278
5854 278
5855 278
5856 278
5857 278
5858 1211
5859 1211
5860 1211
5861 1211
5862 1211
5863 1211
5864 1211
5865 1211
5866 1211
5867 257
5868 257
5869 257
5870 383
5871 383
5872 383
5873 383
5874 383
5875 383
5876 798
5877 798
5878 798
5879 598
5880 598
5881 836
5882 836
5883 836
5884 836
5885 836
5886 836
5887 836
5888 358
5889 675
5890 675
5891 675
5892 675
5893 675
5894 675
5895 675
5896 675
5897 675
5898 675
5899 675
5900 675
5901 194
5902 435
5903 93
5904 1464
5905 1464
5906 1464
5907 1464
5908 1464
5909 1464
5910 1464
5911 1464
5912 1464
5913 890
5914 858
5915 858
5916 858
5917 557
5918 557
5919 557
5920 557
5921 557
5922 557
5923 557
5924 557
5925 557
5926 557
5927 557
5928 557
5929 557
5930 557
5931 557
5932 1075
5933 1075
5934 1075
5935 341
5936 100
5937 100
5938 100
5939 100
5940 100
5941 100
5942 100
5943 989
5944 989
5945 989
5946 761
5947 761
5948 761
5949 761
5950 761
5951 761
5952 738
5953 738
5954 421
5955 400
5956 1406
5957 518
5958 518
5959 475
5960 475
5961 285
5962 285
5963 285
5964 285
5965 285
5966 432
5967 432
5968 651
5969 651
5970 809
5971 809
5972 809
5973 237
5974 237
5975 237
5976 88
5977 88
5978 88
5979 743
5980 743
5981 17
5982 309
5983 309
5984 451
5985 788
5986 603
5987 603
5988 603
5989 603
5990 603
5991 891
5992 891
5993 891
5994 891
5995 891
5996 891
5997 891
5998 599
5999 1212
6000 1212
6001 743
6002 625
6003 625
6004 625
6005 625
6006 625
6007 1411
6008 1411
6009 1411
6010 1411
6011 1411
6012 1411
6013 1411
6014 964
6015 964
6016 964
6017 964
6018 964
6019 461
6020 461
6021 461
6022 588
6023 588
6024 1332
6025 1332
6026 1332
6027 1434
6028 1434
6029 1434
6030 1434
6031 1434
6032 1434
6033 303
6034 417
6035 417
6036 417
6037 417
6038 909
6039 909
6040 909
6041 909
6042 909
6043 1406
6044 449
6045 449
6046 449
6047 449
6048 449
6049 931
6050 931
6051 931
6052 415
6053 151
6054 315
6055 908
6056 908
6057 908
6058 908
6059 665
6060 908
6061 908
6062 908
6063 858
6064 320
6065 320
6066 320
6067 320
6068 320
6069 320
6070 320
6071 320
6072 320
6073 320
6074 320
6075 320
6076 320
6077 320
6078 320
6079 320
6080 320
6081 320
6082 320
6083 320
6084 1143
6085 1143
6086 1143
6087 1143
6088 1143
6089 1143
6090 1143
6091 542
6092 542
6093 542
6094 542
6095 542
6096 836
6097 836
6098 615
6099 615
6100 615
6101 615
6102 615
6103 615
6104 615
6105 615
6106 1129
6107 1129
6108 1129
6109 1129
6110 1129
6111 705
6112 788
6113 210
6114 210
6115 210
6116 210
6117 499
6118 1253
6119 1253
6120 1253
6121 1253
6122 1253
6123 1253
6124 675
6125 454
6126 454
6127 454
6128 454
6129 454
6130 454
6131 454
6132 454
6133 454
6134 414
6135 414
6136 414
6137 677
6138 677
6139 677
6140 677
6141 1456
6142 365
6143 365
6144 365
6145 365
6146 365
6147 365
6148 345
6149 345
6150 345
6151 345
6152 345
6153 192
6154 247
6155 192
6156 159
6157 159
6158 359
6159 395
6160 395
6161 521
6162 521
6163 300
6164 300
6165 300
6166 300
6167 300
6168 1037
6169 1037
6170 1037
6171 1037
6172 1037
6173 1037
6174 706
6175 706
6176 178
6177 529
6178 100
6179 100
6180 100
6181 454
6182 123
6183 1079
6184 1079
6185 1079
6186 1079
6187 780
6188 780
6189 780
6190 788
6191 733
6192 733
6193 733
6194 733
6195 1066
6196 1066
6197 1066
6198 558
6199 558
6200 558
6201 558
6202 252
6203 252
6204 252
6205 252
6206 252
6207 252
6208 252
6209 252
6210 252
6211 252
6212 252
6213 252
6214 252
6215 252
6216 252
6217 252
6218 252
6219 252
6220 648
6221 396
6222 429
6223 1385
6224 1385
6225 1137
6226 1137
6227 1137
6228 1137
6229 1137
6230 82
6231 82
6232 909
6233 909
6234 909
6235 909
6236 909
6237 394
6238 394
6239 394
6240 394
6241 394
6242 394
6243 394
6244 459
6245 554
6246 554
6247 554
6248 554
6249 909
6250 1423
6251 79
6252 535
6253 535
6254 221
6255 88
6256 991
6257 339
6258 869
6259 432
6260 386
6261 731
6262 1213
6263 524
6264 524
6265 60
6266 60
6267 60
6268 60
6269 60
6270 60
6271 402
6272 402
6273 402
6274 402
6275 402
6276 402
6277 402
6278 402
6279 667
6280 667
6281 667
6282 667
6283 667
6284 667
6285 667
6286 667
6287 422
6288 195
6289 195
6290 195
6291 195
6292 577
6293 442
6294 442
6295 411
6296 999
6297 999
6298 999
6299 836
6300 836
6301 836
6302 241
6303 241
6304 241
6305 241
6306 241
6307 241
6308 770
6309 770
6310 622
6311 458
6312 458
6313 458
6314 458
6315 458
6316 458
6317 458
6318 858
6319 362
6320 362
6321 269
6322 459
6323 459
6324 459
6325 459
6326 459
6327 459
6328 788
6329 788
6330 77
6331 77
6332 77
6333 77
6334 77
6335 77
6336 77
6337 77
6338 467
6339 467
6340 467
6341 522
6342 467
6343 427
6344 1077
6345 1077
6346 1077
6347 1077
6348 1077
6349 1077
6350 1077
6351 1077
6352 1077
6353 1077
6354 858
6355 858
6356 858
6357 858
6358 858
6359 1077
6360 1077
6361 1077
6362 152
6363 152
6364 152
6365 152
6366 822
6367 822
6368 822
6369 822
6370 1085
6371 205
6372 212
6373 212
6374 212
6375 212
6376 212
6377 365
6378 627
6379 627
6380 627
6381 627
6382 627
6383 627
6384 627
6385 627
6386 627
6387 698
6388 698
6389 477
6390 477
6391 477
6392 675
6393 1066
6394 1066
6395 1066
6396 1066
6397 1066
6398 1066
6399 130
6400 130
6401 130
6402 130
6403 130
6404 525
6405 525
6406 475
6407 783
6408 783
6409 783
6410 783
6411 783
6412 783
6413 783
6414 783
6415 856
6416 984
6417 783
6418 783
6419 499
6420 634
6421 217
6422 217
6423 217
6424 217
6425 217
6426 217
6427 217
6428 217
6429 217
6430 217
6431 1113
6432 1113
6433 273
6434 273
6435 273
6436 836
6437 836
6438 836
6439 518
6440 518
6441 518
6442 518
6443 518
6444 518
6445 518
6446 518
6447 518
6448 518
6449 518
6450 518
6451 518
6452 1457
6453 183
6454 183
6455 183
6456 183
6457 183
6458 705
6459 396
6460 396
6461 1060
6462 498
6463 858
6464 858
6465 1456
6466 1456
6467 1456
6468 1456
6469 438
6470 438
6471 438
6472 438
6473 438
6474 449
6475 254
6476 254
6477 254
6478 254
6479 254
6480 254
6481 254
6482 386
6483 386
6484 147
6485 285
6486 285
6487 285
6488 1280
6489 1280
6490 1280
6491 1280
6492 1280
6493 675
6494 451
6495 451
6496 451
6497 451
6498 451
6499 451
6500 1383
6501 1383
6502 797
6503 396
6504 396
6505 396
6506 396
6507 396
6508 396
6509 396
6510 396
6511 396
6512 396
6513 1040
6514 1040
6515 1040
6516 705
6517 705
6518 705
6519 705
6520 770
6521 770
6522 770
6523 770
6524 770
6525 964
6526 122
6527 615
6528 428
6529 61
6530 61
6531 61
6532 61
6533 61
6534 548
6535 548
6536 548
6537 548
6538 548
6539 548
6540 548
6541 1060
6542 989
6543 989
6544 1183
6545 1183
6546 1183
6547 1275
6548 1275
6549 1275
6550 586
6551 788
6552 909
6553 1310
6554 1310
6555 1310
6556 1310
6557 1310
6558 423
6559 423
6560 423
6561 423
6562 423
6563 891
6564 891
6565 891
6566 891
6567 533
6568 533
6569 533
6570 533
6571 533
6572 533
6573 533
6574 533
6575 130
6576 130
6577 130
6578 923
6579 923
6580 923
6581 1201
6582 635
6583 635
6584 635
6585 635
6586 635
6587 635
6588 622
6589 788
6590 788
6591 788
6592 1184
6593 1184
6594 1184
6595 1184
6596 1184
6597 1184
6598 1184
6599 1184
6600 1184
6601 1184
6602 1184
6603 26
6604 26
6605 26
6606 26
6607 26
6608 26
6609 238
6610 520
6611 520
6612 520
6613 525
6614 648
6615 558
6616 333
6617 333
6618 333
6619 286
6620 286
6621 1043
6622 1043
6623 1043
6624 1043
6625 1043
6626 111
6627 111
6628 111
6629 111
6630 111
6631 111
6632 429
6633 761
6634 761
6635 1478
6636 1478
6637 1478
6638 1212
6639 1212
6640 1212
6641 1212
6642 1008
6643 1008
6644 874
6645 874
6646 327
6647 327
6648 327
6649 327
6650 327
6651 327
6652 327
6653 327
6654 327
6655 327
6656 327
6657 278
6658 278
6659 278
6660 1257
6661 586
6662 586
6663 586
6664 1478
6665 343
6666 343
6667 343
6668 343
6669 198
6670 227
6671 547
6672 547
6673 648
6674 648
6675 347
6676 347
6677 360
6678 369
6679 369
6680 891
6681 891
6682 891
6683 836
6684 836
6685 836
6686 683
6687 683
6688 683
6689 696
6690 705
6691 1079
6692 107
6693 107
6694 1456
6695 1018
6696 1018
6697 1018
6698 1018
6699 314
6700 314
6701 1406
6702 705
6703 422
6704 422
6705 439
6706 227
6707 227
6708 477
6709 477
6710 477
6711 477
6712 477
6713 477
6714 477
6715 477
6716 477
6717 477
6718 477
6719 477
6720 477
6721 477
6722 477
6723 587
6724 587
6725 1372
6726 1372
6727 1372
6728 386
6729 386
6730 386
6731 386
6732 386
6733 386
6734 386
6735 386
6736 386
6737 1419
6738 1419
6739 1419
6740 1419
6741 1419
6742 1419
6743 1419
6744 1419
6745 1053
6746 1054
6747 1054
6748 1054
6749 1054
6750 369
6751 369
6752 369
6753 369
6754 891
6755 891
6756 731
6757 1114
6758 1456
6759 1456
6760 1456
6761 1456
6762 1456
6763 1456
6764 575
6765 524
6766 117
6767 205
6768 555
6769 836
6770 836
6771 836
6772 836
6773 836
6774 836
6775 1478
6776 1478
6777 1478
6778 1478
6779 1478
6780 557
6781 557
6782 557
6783 557
6784 928
6785 928
6786 928
6787 928
6788 928
6789 928
6790 928
6791 928
6792 928
6793 928
6794 1
6795 1
6796 1
6797 788
6798 615
6799 467
6800 467
6801 467
6802 479
6803 479
6804 479
6805 479
6806 633
6807 633
6808 183
6809 183
6810 183
6811 183
6812 183
6813 183
6814 183
6815 183
6816 183
6817 1142
6818 547
6819 547
6820 547
6821 431
6822 407
6823 407
6824 1309
6825 1309
6826 1309
6827 1309
6828 1309
6829 1309
6830 1309
6831 1309
6832 1309
6833 1309
6834 1309
6835 87
6836 87
6837 87
6838 87
6839 87
6840 87
6841 87
6842 535
6843 535
6844 535
6845 535
6846 535
6847 535
6848 542
6849 542
6850 542
6851 542
6852 542
6853 542
6854 1066
6855 1066
6856 1066
6857 1066
6858 207
6859 207
6860 1198
6861 1198
6862 1198
6863 1198
6864 1198
6865 1198
6866 1198
6867 1198
6868 72
6869 72
6870 429
6871 429
6872 731
6873 314
6874 554
6875 152
6876 189
6877 189
6878 1066
6879 1085
6880 1085
6881 588
6882 588
6883 588
6884 323
6885 323
6886 323
6887 1060
6888 1060
6889 1060
6890 1060
6891 739
6892 739
6893 347
6894 347
6895 1192
6896 240
6897 727
6898 727
6899 727
6900 625
6901 389
6902 389
6903 389
6904 389
6905 389
6906 389
6907 389
6908 389
6909 389
6910 119
6911 433
6912 1212
6913 651
6914 651
6915 365
6916 1060
6917 1060
6918 365
6919 365
6920 783
6921 783
6922 264
6923 264
6924 461
6925 461
6926 461
6927 675
6928 675
6929 675
6930 675
6931 675
6932 675
6933 675
6934 675
6935 675
6936 675
6937 675
6938 675
6939 675
6940 675
6941 787
6942 787
6943 787
6944 787
6945 680
6946 253
6947 253
6948 253
6949 253
6950 427
6951 627
6952 627
6953 627
6954 627
6955 1066
6956 648
6957 648
6958 648
6959 648
6960 142
6961 142
6962 142
6963 142
6964 414
6965 414
6966 414
6967 414
6968 414
6969 829
6970 829
6971 1079
6972 1079
6973 882
6974 882
6975 882
6976 882
6977 882
6978 882
6979 882
6980 882
6981 882
6982 882
6983 882
6984 836
6985 448
6986 1342
6987 1342
6988 1342
6989 1342
6990 521
6991 1253
6992 232
6993 194
6994 557
6995 557
6996 557
6997 557
6998 989
6999 989
7000 989
7001 989
7002 989
7003 989
7004 561
7005 561
7006 561
7007 561
7008 561
7009 5
7010 5
7011 5
7012 5
7013 1101
7014 1101
7015 1101
7016 705
7017 857
7018 857
7019 857
7020 857
7021 857
7022 475
7023 651
7024 651
7025 311
7026 311
7027 311
7028 1281
7029 1253
7030 343
7031 145
7032 145
7033 145
7034 145
7035 145
7036 145
7037 145
7038 145
7039 145
7040 145
7041 1085
7042 328
7043 547
7044 739
7045 739
7046 389
7047 389
7048 389
7049 389
7050 400
7051 247
7052 192
7053 461
7054 461
7055 461
7056 577
7057 705
7058 909
7059 909
7060 415
7061 415
7062 770
7063 625
7064 798
7065 798
7066 798
7067 442
7068 622
7069 199
7070 698
7071 64
7072 64
7073 64
7074 64
7075 479
7076 479
7077 916
7078 916
7079 916
7080 916
7081 916
7082 498
7083 529
7084 529
7085 529
7086 529
7087 891
7088 1422
7089 1344
7090 1344
7091 1344
7092 520
7093 520
7094 520
7095 458
7096 458
7097 458
7098 458
7099 458
7100 458
7101 458
7102 458
7103 510
7104 510
7105 510
7106 510
7107 773
7108 1019
7109 1019
7110 1019
7111 696
7112 38
7113 834
7114 834
7115 834
7116 834
7117 834
7118 834
7119 275
7120 275
7121 275
7122 275
7123 275
7124 275
7125 705
7126 705
7127 705
7128 705
7129 705
7130 705
7131 705
7132 705
7133 705
7134 705
7135 705
7136 705
7137 705
7138 705
7139 212
7140 212
7141 705
7142 705
7143 1060
7144 1060
7145 1060
7146 1060
7147 442
7148 442
7149 442
7150 442
7151 442
7152 516
7153 516
7154 499
7155 499
7156 499
7157 499
7158 499
7159 10
7160 10
7161 10
7162 10
7163 10
7164 891
7165 891
7166 891
7167 1478
7168 1478
7169 1478
7170 1478
7171 1478
7172 1478
7173 705
7174 705
7175 1113
7176 1113
7177 1113
7178 1113
7179 402
7180 402
7181 402
7182 598
7183 598
7184 50
7185 50
7186 50
7187 50
7188 479
7189 479
7190 1143
7191 396
7192 396
7193 396
7194 404
7195 1402
7196 433
7197 95
7198 95
7199 95
7200 95
7201 95
7202 705
7203 705
7204 433
7205 433
7206 433
7207 234
7208 234
7209 234
7210 234
7211 234
7212 234
7213 234
7214 234
7215 461
7216 442
7217 1239
7218 1239
7219 908
7220 908
7221 908
7222 345
7223 345
7224 194
7225 761
7226 234
7227 234
7228 234
7229 1040
7230 451
7231 475
7232 475
7233 475
7234 770
7235 98
7236 761
7237 458
7238 1101
7239 1101
7240 874
7241 874
7242 874
7243 611
7244 611
7245 611
7246 611
7247 611
7248 611
7249 611
7250 739
7251 739
7252 739
7253 1183
7254 1066
7255 1066
7256 1066
7257 1066
7258 989
7259 371
7260 371
7261 371
7262 303
7263 303
7264 303
7265 223
7266 223
7267 625
7268 80
7269 80
7270 555
7271 1028
7272 1028
7273 1332
7274 1332
7275 1341
7276 1341
7277 1341
7278 153
7279 67
7280 67
7281 67
7282 67
7283 67
7284 67
7285 761
7286 761
7287 558
7288 1374
7289 1374
7290 1374
7291 770
7292 770
7293 770
7294 439
7295 439
7296 439
7297 173
7298 173
7299 173
7300 173
7301 173
7302 761
7303 253
7304 714
7305 714
7306 714
7307 714
7308 692
7309 419
7310 331
7311 331
7312 331
7313 520
7314 520
7315 520
7316 520
7317 520
7318 520
7319 788
7320 343
7321 911
7322 911
7323 911
7324 911
7325 911
7326 911
7327 911
7328 911
7329 911
7330 911
7331 911
7332 911
7333 722
7334 722
7335 722
7336 722
7337 534
7338 858
7339 858
7340 858
7341 858
7342 858
7343 858
7344 858
7345 858
7346 890
7347 858
7348 858
7349 858
7350 858
7351 586
7352 451
7353 451
7354 451
7355 858
7356 450
7357 928
7358 928
7359 928
7360 928
7361 928
7362 1087
7363 1087
7364 561
7365 518
7366 449
7367 1438
7368 668
7369 668
7370 668
7371 450
7372 450
7373 450
7374 450
7375 450
7376 450
7377 450
7378 450
7379 911
7380 606
7381 606
7382 606
7383 347
7384 400
7385 529
7386 770
7387 770
7388 770
7389 770
7390 836
7391 836
7392 836
7393 191
7394 928
7395 798
7396 798
7397 263
7398 263
7399 263
7400 428
7401 428
7402 943
7403 761
7404 123
7405 294
7406 294
7407 294
7408 667
7409 667
7410 708
7411 708
7412 708
7413 708
7414 456
7415 1162
7416 603
7417 914
7418 1079
7419 1079
7420 1079
7421 1079
7422 1079
7423 675
7424 675
7425 675
7426 675
7427 675
7428 675
7429 407
7430 407
7431 407
7432 407
7433 407
7434 1406
7435 1406
7436 1406
7437 1406
7438 1406
7439 1406
7440 1406
7441 1406
7442 1406
7443 1406
7444 527
7445 44
7446 44
7447 44
7448 44
7449 44
7450 44
7451 635
7452 263
7453 263
7454 263
7455 263
7456 263
7457 263
7458 263
7459 263
7460 414
7461 414
7462 414
7463 414
7464 226
7465 1305
7466 1305
7467 1305
7468 297
7469 1220
7470 1185
7471 885
7472 419
7473 419
7474 698
7475 698
7476 557
7477 706
7478 706
7479 314
7480 314
7481 554
7482 554
7483 554
7484 554
7485 554
7486 554
7487 554
7488 554
7489 156
7490 156
7491 156
7492 428
7493 533
7494 1310
7495 1310
7496 1310
7497 1421
7498 1421
7499 1060
7500 1060
7501 442
7502 442
7503 442
7504 442
7505 442
7506 442
7507 307
7508 224
7509 224
7510 224
7511 224
7512 224
7513 989
7514 989
7515 989
7516 989
7517 989
7518 989
7519 989
7520 989
7521 989
7522 989
7523 44
7524 1310
7525 470
7526 680
7527 4
7528 4
7529 4
7530 40
7531 40
7532 40
7533 40
7534 40
7535 40
7536 40
7537 989
7538 338
7539 338
7540 338
7541 338
7542 338
7543 338
7544 338
7545 338
7546 333
7547 333
7548 333
7549 333
7550 910
7551 761
7552 761
7553 761
7554 761
7555 761
7556 327
7557 327
7558 327
7559 327
7560 400
7561 400
7562 400
7563 989
7564 989
7565 989
7566 1253
7567 1253
7568 116
7569 241
7570 241
7571 241
7572 241
7573 770
7574 276
7575 276
7576 276
7577 362
7578 115
7579 115
7580 115
7581 115
7582 836
7583 989
7584 989
7585 989
7586 989
7587 731
7588 731
7589 731
7590 1406
7591 1406
7592 1406
7593 1406
7594 1406
7595 1406
7596 1406
7597 1406
7598 1406
7599 433
7600 433
7601 433
7602 433
7603 648
7604 648
7605 648
7606 648
7607 648
7608 648
7609 648
7610 648
7611 648
7612 648
7613 99
7614 99
7615 99
7616 99
7617 516
7618 516
7619 516
7620 516
7621 1187
7622 1187
7623 1187
7624 1187
7625 1187
7626 343
7627 343
7628 253
7629 253
7630 253
7631 253
7632 874
7633 624
7634 624
7635 624
7636 624
7637 624
7638 327
7639 874
7640 651
7641 651
7642 194
7643 1382
7644 1406
7645 1406
7646 1406
7647 1406
7648 1406
7649 1406
7650 1406
7651 1406
7652 1406
7653 1406
7654 1406
7655 1406
7656 1406
7657 1406
7658 204
7659 1384
7660 1384
7661 1384
7662 1384
7663 1384
7664 1384
7665 1384
7666 1384
7667 1113
7668 1456
7669 1456
7670 1456
7671 635
7672 635
7673 362
7674 431
7675 431
7676 431
7677 1456
7678 335
7679 335
7680 335
7681 335
7682 798
7683 798
7684 433
7685 433
7686 477
7687 891
7688 891
7689 891
7690 891
7691 891
7692 498
7693 498
7694 1074
7695 1074
7696 1074
7697 1074
7698 1074
7699 1074
7700 1074
7701 677
7702 535
7703 836
7704 102
7705 102
7706 704
7707 704
7708 704
7709 704
7710 704
7711 704
7712 704
7713 908
7714 908
7715 908
7716 908
7717 908
7718 908
7719 475
7720 423
7721 423
7722 423
7723 1342
7724 109
7725 109
7726 109
7727 109
7728 109
7729 109
7730 109
7731 109
7732 209
7733 209
7734 554
7735 451
7736 281
7737 281
7738 281
7739 281
7740 335
7741 704
7742 770
7743 542
7744 542
7745 542
7746 716
7747 716
7748 716
7749 716
7750 716
7751 716
7752 513
7753 513
7754 1141
7755 37
7756 1141
7757 37
7758 419
7759 449
7760 761
7761 761
7762 431
7763 761
7764 761
7765 458
7766 534
7767 423
7768 217
7769 1384
7770 1204
7771 1204
7772 1204
7773 1204
7774 1204
7775 1204
7776 1204
7777 1204
7778 250
7779 464
7780 651
7781 542
7782 542
7783 269
7784 245
7785 245
7786 245
7787 245
7788 245
7789 245
7790 525
7791 525
7792 525
7793 525
7794 525
7795 525
7796 548
7797 548
7798 548
7799 548
7800 548
7801 458
7802 458
7803 675
7804 675
7805 310
7806 310
7807 310
7808 310
7809 310
7810 310
7811 310
7812 310
7813 611
7814 611
7815 611
7816 611
7817 611
7818 611
7819 611
7820 611
7821 611
7822 555
7823 555
7824 555
7825 555
7826 555
7827 555
7828 555
7829 555
7830 555
7831 584
7832 584
7833 584
7834 584
7835 584
7836 1028
7837 33
7838 33
7839 33
7840 33
7841 33
7842 33
7843 272
7844 1085
7845 770
7846 770
7847 910
7848 547
7849 547
7850 547
7851 677
7852 1325
7853 1325
7854 1325
7855 1325
7856 1325
7857 1325
7858 830
7859 830
7860 830
7861 830
7862 830
7863 360
7864 360
7865 498
7866 498
7867 498
7868 498
7869 498
7870 498
7871 498
7872 498
7873 498
7874 498
7875 498
7876 498
7877 498
7878 680
7879 680
7880 680
7881 858
7882 858
7883 858
7884 153
7885 605
7886 605
7887 605
7888 677
7889 677
7890 677
7891 677
7892 964
7893 1129
7894 1129
7895 283
7896 423
7897 423
7898 305
7899 305
7900 305
7901 305
7902 524
7903 353
7904 891
7905 891
7906 353
7907 353
7908 858
7909 858
7910 858
7911 584
7912 584
7913 584
7914 584
7915 584
7916 1101
7917 1101
7918 1101
7919 625
7920 922
7921 922
7922 922
7923 922
7924 922
7925 651
7926 651
7927 651
7928 635
7929 349
7930 349
7931 349
7932 349
7933 349
7934 349
7935 349
7936 349
7937 349
7938 349
7939 349
7940 349
7941 349
7942 349
7943 770
7944 130
7945 435
7946 435
7947 435
7948 221
7949 449
7950 449
7951 922
7952 922
7953 922
7954 454
7955 454
7956 547
7957 547
7958 547
7959 547
7960 547
7961 547
7962 464
7963 347
7964 1183
7965 1341
7966 673
7967 166
7968 312
7969 312
7970 312
7971 1384
7972 1077
7973 1077
7974 542
7975 542
7976 542
7977 542
7978 542
7979 542
7980 542
7981 542
7982 404
7983 433
7984 187
7985 467
7986 467
7987 796
7988 796
7989 696
7990 696
7991 696
7992 696
7993 770
7994 770
7995 172
7996 172
7997 172
7998 172
7999 256
8000 256
8001 172
8002 448
8003 1332
8004 1253
8005 1253
8006 433
8007 433
8008 675
8009 1074
8010 383
8011 383
8012 383
8013 383
8014 383
8015 383
8016 557
8017 675
8018 275
8019 525
8020 525
8021 525
8022 525
8023 60
8024 60
8025 450
8026 419
8027 419
8028 419
8029 419
8030 419
8031 419
8032 419
8033 419
8034 419
8035 419
8036 419
8037 419
8038 419
8039 419
8040 622
8041 622
8042 622
8043 450
8044 450
8045 450
8046 450
8047 450
8048 450
8049 205
8050 635
8051 1239
8052 871
8053 75
8054 75
8055 75
8056 75
8057 75
8058 75
8059 30
8060 75
8061 75
8062 651
8063 633
8064 1456
8065 458
8066 754
8067 754
8068 754
8069 704
8070 704
8071 704
8072 704
8073 704
8074 1342
8075 1342
8076 547
8077 547
8078 547
8079 547
8080 350
8081 350
8082 350
8083 350
8084 350
8085 350
8086 157
8087 157
8088 157
8089 157
8090 157
8091 157
8092 520
8093 520
8094 520
8095 788
8096 479
8097 479
8098 527
8099 80
8100 275
8101 275
8102 275
8103 275
8104 275
8105 1037
8106 1037
8107 1037
8108 989
8109 200
8110 200
8111 705
8112 358
8113 134
8114 134
8115 134
8116 134
8117 134
8118 317
8119 625
8120 836
8121 194
8122 82
8123 215
8124 215
8125 215
8126 99
8127 99
8128 99
8129 254
8130 254
8131 254
8132 254
8133 254
8134 254
8135 254
8136 605
8137 605
8138 605
8139 605
8140 605
8141 605
8142 328
8143 328
8144 603
8145 603
8146 603
8147 603
8148 603
8149 0
8150 0
8151 0
8152 1137
8153 1137
8154 1137
8155 1079
8156 1079
8157 1343
8158 1343
8159 1343
8160 731
8161 731
8162 731
8163 731
8164 527
8165 431
8166 253
8167 253
8168 303
8169 858
8170 1406
8171 1406
8172 622
8173 538
8174 520
8175 223
8176 223
8177 223
8178 223
8179 223
8180 822
8181 822
8182 2
8183 2
8184 2
8185 2
8186 2
8187 704
8188 999
8189 999
8190 999
8191 908
8192 206
8193 206
8194 698
8195 234
8196 499
8197 1300
8198 1300
8199 495
8200 407
8201 345
8202 345
8203 345
8204 345
8205 345
8206 345
8207 345
8208 419
8209 1143
8210 1143
8211 1143
8212 109
8213 405
8214 405
8215 910
8216 1100
8217 1100
8218 1100
8219 1100
8220 1100
8221 374
8222 374
8223 374
8224 374
8225 374
8226 374
8227 479
8228 548
8229 598
8230 598
8231 598
8232 534
8233 534
8234 534
8235 534
8236 534
8237 534
8238 371
8239 371
8240 371
8241 371
8242 1144
8243 1144
8244 1144
8245 404
8246 404
8247 404
8248 404
8249 278
8250 278
8251 278
8252 278
8253 278
8254 625
8255 625
8256 625
8257 625
8258 625
8259 530
8260 530
8261 530
8262 705
8263 796
8264 796
8265 611
8266 311
8267 1342
8268 1342
8269 522
8270 1087
8271 1087
8272 1087
8273 1087
8274 1087
8275 432
8276 432
8277 432
8278 548
8279 548
8280 548
8281 407
8282 349
8283 349
8284 916
8285 696
8286 696
8287 1143
8288 1143
8289 1435
8290 1435
8291 1435
8292 1435
8293 1435
8294 1145
8295 1145
8296 264
8297 264
8298 264
8299 264
8300 264
8301 264
8302 325
8303 117
8304 433
8305 433
8306 788
8307 788
8308 535
8309 328
8310 133
8311 133
8312 133
8313 111
8314 111
8315 495
8316 495
8317 495
8318 396
8319 396
8320 383
8321 383
8322 383
8323 656
8324 656
8325 656
8326 656
8327 656
8328 656
8329 374
8330 374
8331 374
8332 240
8333 423
8334 450
8335 369
8336 369
8337 369
8338 258
8339 258
8340 258
8341 432
8342 362
8343 362
8344 362
8345 362
8346 362
8347 362
8348 362
8349 362
8350 362
8351 503
8352 563
8353 563
8354 563
8355 48
8356 48
8357 988
8358 988
8359 988
8360 417
8361 417
8362 417
8363 458
8364 626
8365 626
8366 626
8367 626
8368 626
8369 338
8370 338
8371 738
8372 770
8373 770
8374 705
8375 705
8376 705
8377 705
8378 705
8379 705
8380 705
8381 705
8382 705
8383 705
8384 1149
8385 1149
8386 1149
8387 1415
8388 1415
8389 1415
8390 1415
8391 1415
8392 732
8393 218
8394 218
8395 8
8396 8
8397 8
8398 1382
8399 1382
8400 1289
8401 1289
8402 1289
8403 1289
8404 1289
8405 1289
8406 651
8407 414
8408 677
8409 450
8410 761
8411 635
8412 520
8413 520
8414 788
8415 297
8416 297
8417 467
8418 467
8419 467
8420 467
8421 467
8422 433
8423 1013
8424 1013
8425 1013
8426 1013
8427 264
8428 264
8429 264
8430 533
8431 891
8432 891
8433 476
8434 476
8435 476
8436 476
8437 476
8438 476
8439 419
8440 858
8441 858
8442 890
8443 858
8444 989
8445 989
8446 989
8447 518
8448 518
8449 518
8450 407
8451 345
8452 345
8453 429
8454 429
8455 429
8456 429
8457 651
8458 651
8459 651
8460 651
8461 154
8462 154
8463 154
8464 858
8465 611
8466 680
8467 214
8468 214
8469 214
8470 214
8471 214
8472 214
8473 214
8474 214
8475 214
8476 134
8477 622
8478 705
8479 555
8480 638
8481 638
8482 638
8483 788
8484 331
8485 331
8486 358
8487 586
8488 586
8489 325
8490 325
8491 325
8492 325
8493 198
8494 198
8495 198
8496 198
8497 542
8498 651
8499 651
8500 696
8501 788
8502 1456
8503 533
8504 533
8505 533
8506 533
8507 533
8508 858
8509 1028
8510 910
8511 633
8512 529
8513 529
8514 739
8515 739
8516 739
8517 739
8518 739
8519 739
8520 739
8521 739
8522 739
8523 115
8524 115
8525 115
8526 115
8527 613
8528 613
8529 613
8530 613
8531 613
8532 635
8533 1211
8534 869
8535 90
8536 740
8537 90
8538 90
8539 90
8540 90
8541 90
8542 560
8543 560
8544 560
8545 145
8546 145
8547 281
8548 404
8549 1145
8550 1145
8551 1145
8552 190
8553 360
8554 360
8555 360
8556 1100
8557 909
8558 584
8559 731
8560 731
8561 126
8562 126
8563 126
8564 126
8565 126
8566 126
8567 126
8568 126
8569 498
8570 677
8571 1226
8572 1226
8573 1226
8574 1226
8575 1226
8576 1464
8577 989
8578 788
8579 788
8580 874
8581 405
8582 395
8583 112
8584 112
8585 112
8586 112
8587 411
8588 836
8589 234
8590 234
8591 891
8592 891
8593 891
8594 891
8595 891
8596 470
8597 382
8598 432
8599 310
8600 256
8601 869
8602 869
8603 449
8604 404
8605 1456
8606 246
8607 246
8608 246
8609 246
8610 246
8611 246
8612 241
8613 241
8614 477
8615 568
8616 254
8617 254
8618 254
8619 761
8620 761
8621 761
8622 1423
8623 622
8624 622
8625 622
8626 381
8627 381
8628 381
8629 381
8630 381
8631 381
8632 464
8633 930
8634 930
8635 930
8636 930
8637 459
8638 459
8639 286
8640 286
8641 286
8642 675
8643 250
8644 7
8645 7
8646 7
8647 7
8648 7
8649 350
8650 300
8651 611
8652 611
8653 461
8654 1456
8655 878
8656 402
8657 588
8658 588
8659 386
8660 386
8661 547
8662 651
8663 700
8664 700
8665 700
8666 59
8667 468
8668 1076
8669 1076
8670 1076
8671 1076
8672 731
8673 798
8674 798
8675 798
8676 798
8677 673
8678 289
8679 289
8680 798
8681 798
8682 404
8683 404
8684 404
8685 404
8686 404
8687 405
8688 405
8689 615
8690 192
8691 247
8692 192
8693 192
8694 763
8695 763
8696 763
8697 763
8698 763
8699 763
8700 763
8701 524
8702 625
8703 294
8704 294
8705 294
8706 294
8707 294
8708 294
8709 989
8710 654
8711 654
8712 654
8713 411
8714 102
8715 102
8716 651
8717 527
8718 858
8719 858
8720 858
8721 890
8722 858
8723 1125
8724 1125
8725 1125
8726 1125
8727 635
8728 223
8729 223
8730 680
8731 680
8732 1383
8733 240
8734 240
8735 240
8736 240
8737 404
8738 234
8739 547
8740 547
8741 909
8742 207
8743 207
8744 207
8745 37
8746 37
8747 241
8748 937
8749 937
8750 937
8751 937
8752 937
8753 651
8754 1066
8755 757
8756 757
8757 757
8758 757
8759 757
8760 757
8761 704
8762 651
8763 651
8764 651
8765 1333
8766 1333
8767 1333
8768 1280
8769 470
8770 285
8771 651
8772 981
8773 937
8774 872
8775 872
8776 872
8777 872
8778 90
8779 90
8780 874
8781 832
8782 832
8783 832
8784 832
8785 433
8786 722
8787 625
8788 606
8789 414
8790 692
8791 692
8792 692
8793 692
8794 692
8795 692
8796 692
8797 692
8798 692
8799 692
8800 625
8801 542
8802 770
8803 400
8804 459
8805 1077
8806 300
8807 95
8808 95
8809 95
8810 95
8811 761
8812 625
8813 625
8814 625
8815 22
8816 22
8817 22
8818 22
8819 22
8820 22
8821 874
8822 1130
8823 1130
8824 1130
8825 588
8826 588
8827 1183
8828 1183
8829 529
8830 529
8831 529
8832 529
8833 1473
8834 1473
8835 1473
8836 1473
8837 1473
8838 1473
8839 677
8840 677
8841 136
8842 1280
8843 1280
8844 1280
8845 1280
8846 323
8847 195
8848 195
8849 195
8850 195
8851 195
8852 1280
8853 1280
8854 1280
8855 715
8856 715
8857 677
8858 677
8859 286
8860 386
8861 386
8862 241
8863 402
8864 555
8865 1237
8866 1237
8867 1237
8868 1237
8869 1237
8870 1237
8871 1085
8872 1085
8873 353
8874 1346
8875 1346
8876 1346
8877 622
8878 622
8879 622
8880 622
8881 677
8882 677
8883 402
8884 479
8885 24
8886 24
8887 24
8888 24
8889 24
8890 24
8891 989
8892 78
8893 78
8894 78
8895 78
8896 78
8897 739
8898 858
8899 858
8900 858
8901 858
8902 890
8903 858
8904 858
8905 830
8906 605
8907 350
8908 149
8909 547
8910 366
8911 548
8912 548
8913 548
8914 548
8915 548
8916 548
8917 548
8918 548
8919 155
8920 555
8921 555
8922 272
8923 520
8924 520
8925 241
8926 696
8927 1332
8928 1332
8929 1332
8930 168
8931 525
8932 731
8933 731
8934 1018
8935 1018
8936 1018
8937 548
8938 518
8939 209
8940 599
8941 1173
8942 1173
8943 359
8944 130
8945 130
8946 1214
8947 1214
8948 1214
8949 1214
8950 282
8951 475
8952 347
8953 761
8954 796
8955 510
8956 518
8957 518
8958 111
8959 268
8960 197
8961 197
8962 197
8963 1456
8964 677
8965 869
8966 869
8967 869
8968 411
8969 411
8970 890
8971 836
8972 836
8973 836
8974 656
8975 264
8976 1066
8977 1415
8978 797
8979 797
8980 458
8981 335
8982 1379
8983 1379
8984 1379
8985 1379
8986 1379
8987 1379
8988 286
8989 677
8990 59
8991 1327
8992 1327
8993 1327
8994 635
8995 534
8996 830
8997 830
8998 830
8999 930
9000 930
9001 930
9002 930
9003 930
9004 256
9005 297
9006 90
9007 937
9008 937
9009 347
9010 558
9011 558
9012 300
9013 1085
9014 264
9015 360
9016 604
9017 604
9018 604
9019 521
9020 374
9021 265
9022 265
9023 265
9024 626
9025 366
9026 366
9027 366
9028 836
9029 685
9030 685
9031 402
9032 613
9033 521
9034 521
9035 675
9036 675
9037 675
9038 675
9039 179
9040 179
9041 179
9042 1332
9043 1332
9044 1079
9045 1079
9046 1079
9047 611
9048 105
9049 105
9050 105
9051 296
9052 206
9053 838
9054 838
9055 838
9056 838
9057 838
9058 838
9059 838
9060 838
9061 374
9062 374
9063 396
9064 396
9065 924
9066 924
9067 924
9068 286
9069 770
9070 605
9071 605
9072 605
9073 605
9074 770
9075 770
9076 770
9077 770
9078 770
9079 770
9080 622
9081 622
9082 989
9083 874
9084 1208
9085 1208
9086 1208
9087 625
9088 692
9089 692
9090 770
9091 1213
9092 1213
9093 535
9094 350
9095 21
9096 21
9097 21
9098 21
9099 21
9100 479
9101 126
9102 126
9103 335
9104 337
9105 337
9106 337
9107 337
9108 337
9109 770
9110 770
9111 770
9112 770
9113 770
9114 770
9115 770
9116 459
9117 651
9118 651
9119 651
9120 651
9121 731
9122 548
9123 839
9124 839
9125 839
9126 839
9127 839
9128 999
9129 456
9130 214
9131 214
9132 214
9133 214
9134 450
9135 289
9136 714
9137 651
9138 651
9139 651
9140 1085
9141 1018
9142 1018
9143 858
9144 520
9145 909
9146 909
9147 909
9148 909
9149 909
9150 909
9151 955
9152 955
9153 955
9154 651
9155 651
9156 518
9157 285
9158 285
9159 285
9160 625
9161 557
9162 657
9163 475
9164 809
9165 395
9166 922
9167 770
9168 870
9169 365
9170 365
9171 308
9172 450
9173 1423
9174 1456
9175 625
9176 257
9177 1428
9178 1428
9179 1428
9180 1428
9181 1428
9182 312
9183 312
9184 312
9185 308
9186 770
9187 770
9188 770
9189 119
9190 119
9191 347
9192 836
9193 836
9194 836
9195 548
9196 548
9197 362
9198 394
9199 477
9200 477
9201 477
9202 363
9203 363
9204 363
9205 363
9206 363
9207 363
9208 363
9209 685
9210 989
9211 989
9212 989
9213 1309
9214 461
9215 456
9216 1079
9217 836
9218 798
9219 278
9220 328
9221 212
9222 212
9223 1136
9224 1136
9225 1136
9226 891
9227 1342
9228 1198
9229 374
9230 374
9231 374
9232 374
9233 451
9234 924
9235 1385
9236 535
9237 1419
9238 1184
9239 770
9240 858
9241 731
9242 869
9243 869
9244 226
9245 858
9246 395
9247 395
9248 395
9249 458
9250 1135
9251 243
9252 459
9253 143
9254 143
9255 143
9256 143
9257 143
9258 237
9259 770
9260 770
9261 770
9262 770
9263 770
9264 924
9265 924
9266 1204
9267 1342
9268 1342
9269 1456
9270 1456
9271 798
9272 1432
9273 1432
9274 1432
9275 668
9276 668
9277 668
9278 668
9279 347
9280 696
9281 696
9282 989
9283 750
9284 456
9285 456
9286 456
9287 1309
9288 1309
9289 705
9290 705
9291 705
9292 84
9293 84
9294 84
9295 84
9296 1066
9297 433
9298 374
9299 731
9300 836
9301 731
9302 529
9303 161
9304 395
9305 651
9306 223
9307 223
9308 458
9309 195
9310 195
9311 414
9312 414
9313 797
9314 625
9315 625
9316 625
9317 625
9318 625
9319 625
9320 625
9321 625
9322 365
9323 731
9324 731
9325 731
9326 731
9327 731
9328 731
9329 731
9330 731
9331 731
9332 731
9333 731
9334 731
9335 1203
9336 1203
9337 1203
9338 241
9339 836
9340 836
9341 836
9342 542
9343 1478
9344 1478
9345 598
9346 359
9347 257
9348 696
9349 696
9350 337
9351 278
9352 611
9353 1237
9354 557
9355 988
9356 164
9357 132
9358 132
9359 217
9360 217
9361 217
9362 217
9363 1028
9364 763
9365 763
9366 763
9367 763
9368 858
9369 495
9370 836
9371 199
9372 989
9373 989
9374 254
9375 347
9376 696
9377 240
9378 240
9379 241
9380 134
9381 214
9382 214
9383 347
9384 347
9385 909
9386 909
9387 909
9388 909
9389 542
9390 1345
9391 1028
9392 1028
9393 1173
9394 731
9395 731
9396 577
9397 577
9398 577
9399 942
9400 989
9401 510
9402 246
9403 119
9404 223
9405 1086
9406 1086
9407 1086
9408 1086
9409 1086
9410 347
9411 635
9412 635
9413 635
9414 190
9415 989
9416 756
9417 756
9418 756
9419 756
9420 611
9421 611
9422 365
9423 558
9424 558
9425 558
9426 205
9427 83
9428 83
9429 615
9430 1327
9431 1327
9432 1327
9433 1327
9434 1327
9435 1327
9436 858
9437 250
9438 527
9439 1000
9440 1000
9441 1000
9442 456
9443 1252
9444 111
9445 625
9446 615
9447 615
9448 286
9449 286
9450 1220
9451 234
9452 1386
9453 1386
9454 1386
9455 1386
9456 603
9457 838
9458 838
9459 989
9460 520
9461 120
9462 635
9463 858
9464 83
9465 83
9466 696
9467 134
9468 1066
9469 520
9470 1327
9471 1327
9472 689
9473 37
9474 37
9475 37
9476 836
9477 836
9478 461
9479 328
9480 328
9481 750
9482 750
9483 874
9484 414
9485 335
9486 477
9487 96
9488 750
9489 569
9490 251
9491 286
9492 84
9493 84
9494 84
9495 84
9496 1101
9497 1101
9498 467
9499 467
9500 467
9501 467
9502 580
9503 580
9504 580
9505 1118
9506 1118
9507 30
9508 30
9509 30
9510 30
9511 30
9512 529
9513 224
9514 665
9515 665
9516 665
9517 665
9518 665
9519 665
9520 665
9521 665
9522 665
9523 400
9524 400
9525 286
9526 102
9527 1077
9528 429
9529 1456
9530 1456
9531 538
9532 402
9533 622
9534 622
9535 1053
9536 625
9537 436
9538 436
9539 436
9540 165
9541 165
9542 165
9543 165
9544 1332
9545 1054
9546 1280
9547 475
9548 475
9549 419
9550 1280
9551 1280
9552 1253
9553 365
9554 121
9555 495
9556 495
9557 625
9558 1327
9559 374
9560 116
9561 116
9562 1118
9563 611
9564 611
9565 611
9566 909
9567 611
9568 705
9569 1327
9570 1327
9571 1066
9572 891
9573 696
9574 797
9575 1084
9576 1084
9577 1084
9578 665
9579 121
9580 1008
9581 374
9582 704
9583 436
9584 1456
9585 400
9586 836
9587 1079
9588 989
9589 625
9590 545
9591 545
9592 545
9593 651
9594 269
9595 374
9596 1118
9597 1118
9598 798
9599 374
9600 374
9601 788
9602 704
9603 1118
9604 178
9605 120
9606 797
9607 360
9608 922
9609 922
9610 501
9611 501
9612 501
9613 900
9614 900
9615 900
9616 1300
9617 374
9618 651
9619 359
9620 1456
9621 615
9622 843
9623 843
9624 843
9625 340
9626 340
9627 891
9628 548
9629 548
9630 368
9631 548
9632 548
9633 368
9634 548
