0 3
1 4
2 4
3 0
4 3
5 2
6 0
7 3
8 3
9 2
10 0
11 0
12 4
13 3
14 3
15 3
16 2
17 3
18 1
19 3
20 5
21 3
22 4
23 6
24 3
25 3
26 6
27 3
28 2
29 4
30 3
31 6
32 0
33 4
34 2
35 0
36 1
37 5
38 4
39 4
40 3
41 6
42 6
43 4
44 3
45 3
46 2
47 5
48 3
49 4
50 5
51 3
52 0
53 2
54 1
55 4
56 6
57 3
58 2
59 2
60 0
61 0
62 0
63 4
64 2
65 0
66 4
67 5
68 2
69 6
70 5
71 2
72 2
73 2
74 0
75 4
76 5
77 6
78 4
79 0
80 0
81 0
82 4
83 2
84 4
85 1
86 4
87 6
88 0
89 4
90 2
91 4
92 6
93 6
94 0
95 0
96 6
97 5
98 0
99 6
100 0
101 2
102 1
103 1
104 1
105 2
106 6
107 5
108 6
109 1
110 2
111 2
112 1
113 5
114 5
115 5
116 6
117 5
118 6
119 5
120 5
121 1
122 6
123 6
124 1
125 5
126 1
127 6
128 5
129 5
130 5
131 1
132 5
133 1
134 1
135 1
136 1
137 1
138 1
139 1
140 4
141 3
142 0
143 3
144 6
145 6
146 0
147 3
148 4
149 0
150 3
151 4
152 4
153 1
154 2
155 2
156 2
157 3
158 3
159 3
160 3
161 0
162 4
163 5
164 0
165 3
166 4
167 3
168 3
169 3
170 2
171 3
172 3
173 2
174 2
175 6
176 1
177 4
178 3
179 3
180 3
181 6
182 3
183 3
184 3
185 3
186 0
187 4
188 2
189 2
190 6
191 5
192 3
193 5
194 4
195 0
196 4
197 3
198 4
199 4
200 3
201 3
202 2
203 4
204 0
205 3
206 2
207 3
208 3
209 4
210 4
211 0
212 3
213 6
214 0
215 3
216 3
217 4
218 3
219 3
220 5
221 2
222 3
223 2
224 4
225 1
226 3
227 2
228 2
229 3
230 3
231 3
232 3
233 5
234 1
235 3
236 1
237 3
238 5
239 0
240 3
241 5
242 0
243 4
244 2
245 4
246 2
247 4
248 4
249 5
250 4
251 3
252 5
253 3
254 3
255 4
256 3
257 0
258 4
259 5
260 0
261 3
262 6
263 2
264 5
265 5
266 5
267 3
268 2
269 3
270 0
271 4
272 5
273 3
274 0
275 4
276 0
277 3
278 3
279 0
280 0
281 3
282 5
283 4
284 4
285 3
286 4
287 3
288 3
289 2
290 2
291 3
292 0
293 3
294 1
295 3
296 2
297 3
298 3
299 4
300 5
301 2
302 1
303 1
304 0
305 0
306 1
307 6
308 1
309 3
310 3
311 3
312 2
313 3
314 3
315 0
316 3
317 4
318 1
319 3
320 4
321 3
322 2
323 0
324 0
325 4
326 2
327 3
328 2
329 1
330 4
331 6
332 3
333 2
334 0
335 3
336 3
337 2
338 3
339 4
340 4
341 2
342 1
343 3
344 5
345 3
346 2
347 0
348 4
349 5
350 1
351 3
352 3
353 2
354 0
355 2
356 4
357 2
358 2
359 2
360 5
361 4
362 4
363 2
364 2
365 0
366 3
367 2
368 4
369 4
370 5
371 5
372 1
373 0
374 3
375 4
376 5
377 3
378 4
379 5
380 3
381 4
382 3
383 3
384 1
385 4
386 3
387 3
388 5
389 2
390 3
391 2
392 5
393 5
394 4
395 3
396 3
397 3
398 3
399 1
400 5
401 3
402 3
403 2
404 6
405 0
406 1
407 3
408 0
409 1
410 5
411 3
412 6
413 3
414 6
415 0
416 3
417 3
418 3
419 5
420 4
421 3
422 4
423 0
424 5
425 2
426 1
427 2
428 4
429 4
430 4
431 4
432 3
433 3
434 0
435 4
436 3
437 0
438 5
439 2
440 0
441 5
442 4
443 4
444 4
445 3
446 0
447 6
448 5
449 2
450 4
451 5
452 1
453 3
454 5
455 3
456 0
457 3
458 5
459 1
460 1
461 0
462 3
463 4
464 2
465 6
466 2
467 0
468 5
469 3
470 4
471 6
472 5
473 3
474 5
475 0
476 1
477 3
478 0
479 5
480 2
481 2
482 3
483 5
484 1
485 0
486 3
487 1
488 4
489 2
490 5
491 6
492 4
493 2
494 2
495 6
496 0
497 0
498 4
499 6
500 3
501 2
502 0
503 3
504 6
505 1
506 6
507 3
508 1
509 3
510 3
511 3
512 3
513 2
514 5
515 4
516 5
517 5
518 3
519 1
520 3
521 3
522 4
523 4
524 2
525 0
526 2
527 0
528 5
529 4
530 0
531 0
532 3
533 2
534 2
535 2
536 2
537 6
538 4
539 6
540 5
541 5
542 1
543 0
544 0
545 4
546 3
547 3
548 1
549 3
550 6
551 6
552 2
553 3
554 3
555 3
556 1
557 2
558 2
559 5
560 4
561 3
562 2
563 1
564 2
565 2
566 3
567 2
568 3
569 2
570 3
571 3
572 0
573 5
574 3
575 3
576 3
577 4
578 5
579 3
580 2
581 1
582 4
583 4
584 4
585 4
586 0
587 5
588 4
589 1
590 3
591 0
592 3
593 4
594 6
595 3
596 6
597 3
598 3
599 3
600 6
601 3
602 4
603 3
604 6
605 3
606 0
607 3
608 1
609 2
610 5
611 6
612 5
613 2
614 0
615 2
616 2
617 3
618 3
619 0
620 3
621 5
622 3
623 4
624 0
625 3
626 2
627 4
628 5
629 2
630 3
631 2
632 2
633 3
634 5
635 2
636 0
637 3
638 4
639 3
640 3
641 3
642 0
643 5
644 5
645 5
646 5
647 5
648 5
649 3
650 2
651 0
652 4
653 3
654 4
655 1
656 1
657 2
658 3
659 0
660 1
661 5
662 3
663 6
664 3
665 4
666 0
667 0
668 5
669 3
670 3
671 5
672 2
673 3
674 3
675 4
676 5
677 4
678 3
679 0
680 0
681 3
682 6
683 1
684 2
685 1
686 2
687 2
688 4
689 2
690 3
691 4
692 3
693 0
694 5
695 3
696 3
697 3
698 4
699 3
700 3
701 5
702 6
703 5
704 2
705 4
706 4
707 0
708 3
709 5
710 3
711 0
712 6
713 3
714 4
715 4
716 3
717 0
718 0
719 1
720 5
721 2
722 3
723 2
724 6
725 0
726 4
727 3
728 5
729 3
730 0
731 0
732 2
733 0
734 0
735 5
736 0
737 5
738 0
739 5
740 4
741 1
742 2
743 3
744 2
745 3
746 3
747 5
748 2
749 4
750 5
751 0
752 2
753 0
754 2
755 5
756 3
757 2
758 2
759 4
760 2
761 4
762 2
763 0
764 2
765 3
766 3
767 0
768 3
769 0
770 3
771 0
772 6
773 1
774 4
775 3
776 4
777 0
778 6
779 6
780 4
781 3
782 4
783 4
784 3
785 3
786 4
787 4
788 3
789 4
790 3
791 3
792 3
793 5
794 0
795 3
796 2
797 2
798 4
799 3
800 2
801 5
802 4
803 5
804 4
805 4
806 2
807 5
808 4
809 0
810 4
811 3
812 3
813 4
814 4
815 0
816 5
817 2
818 3
819 2
820 2
821 3
822 5
823 2
824 2
825 2
826 5
827 3
828 4
829 1
830 6
831 1
832 3
833 3
834 1
835 3
836 3
837 4
838 0
839 0
840 5
841 3
842 0
843 3
844 5
845 3
846 3
847 6
848 2
849 4
850 6
851 0
852 0
853 2
854 4
855 3
856 4
857 4
858 0
859 2
860 2
861 0
862 4
863 0
864 1
865 3
866 3
867 2
868 3
869 3
870 3
871 2
872 4
873 0
874 3
875 3
876 1
877 3
878 5
879 3
880 0
881 2
882 2
883 2
884 4
885 5
886 3
887 1
888 0
889 2
890 5
891 6
892 3
893 4
894 3
895 0
896 5
897 0
898 6
899 3
900 3
901 0
902 2
903 5
904 5
905 2
906 4
907 6
908 6
909 3
910 1
911 4
912 4
913 5
914 3
915 2
916 3
917 0
918 3
919 2
920 3
921 6
922 4
923 3
924 4
925 5
926 3
927 3
928 3
929 2
930 3
931 2
932 3
933 2
934 4
935 5
936 2
937 1
938 3
939 6
940 5
941 5
942 3
943 4
944 3
945 1
946 4
947 4
948 0
949 4
950 6
951 2
952 3
953 3
954 4
955 6
956 4
957 2
958 1
959 3
960 3
961 3
962 3
963 4
964 0
965 0
966 0
967 3
968 1
969 2
970 2
971 5
972 3
973 5
974 3
975 0
976 2
977 2
978 2
979 3
980 1
981 3
982 3
983 4
984 4
985 2
986 3
987 3
988 3
989 0
990 3
991 6
992 0
993 6
994 3
995 5
996 4
997 3
998 2
999 2
1000 3
1001 4
1002 3
1003 2
1004 3
1005 3
1006 0
1007 2
1008 0
1009 1
1010 4
1011 1
1012 4
1013 0
1014 3
1015 4
1016 3
1017 3
1018 4
1019 3
1020 3
1021 4
1022 5
1023 3
1024 3
1025 0
1026 3
1027 6
1028 5
1029 5
1030 2
1031 3
1032 5
1033 2
1034 2
1035 2
1036 0
1037 2
1038 2
1039 5
1040 2
1041 2
1042 0
1043 5
1044 3
1045 1
1046 4
1047 0
1048 3
1049 3
1050 4
1051 4
1052 3
1053 3
1054 3
1055 3
1056 3
1057 3
1058 0
1059 3
1060 5
1061 4
1062 3
1063 4
1064 4
1065 3
1066 3
1067 2
1068 4
1069 0
1070 2
1071 4
1072 2
1073 3
1074 6
1075 3
1076 6
1077 5
1078 0
1079 0
1080 3
1081 4
1082 4
1083 0
1084 3
1085 6
1086 3
1087 4
1088 1
1089 1
1090 3
1091 3
1092 3
1093 3
1094 4
1095 3
1096 3
1097 4
1098 3
1099 3
1100 3
1101 3
1102 4
1103 2
1104 0
1105 5
1106 3
1107 3
1108 3
1109 4
1110 0
1111 4
1112 4
1113 5
1114 2
1115 4
1116 3
1117 0
1118 0
1119 3
1120 0
1121 3
1122 5
1123 2
1124 3
1125 0
1126 3
1127 3
1128 5
1129 4
1130 3
1131 3
1132 3
1133 5
1134 3
1135 4
1136 2
1137 0
1138 4
1139 0
1140 1
1141 4
1142 1
1143 4
1144 1
1145 2
1146 1
1147 3
1148 2
1149 2
1150 2
1151 3
1152 0
1153 4
1154 2
1155 2
1156 0
1157 4
1158 1
1159 3
1160 3
1161 2
1162 4
1163 6
1164 2
1165 6
1166 3
1167 5
1168 5
1169 2
1170 6
1171 3
1172 0
1173 2
1174 0
1175 3
1176 3
1177 3
1178 4
1179 5
1180 1
1181 5
1182 5
1183 5
1184 5
1185 3
1186 3
1187 0
1188 0
1189 2
1190 5
1191 3
1192 3
1193 1
1194 4
1195 0
1196 4
1197 1
1198 0
1199 2
1200 3
1201 3
1202 4
1203 0
1204 1
1205 2
1206 4
1207 4
1208 4
1209 2
1210 2
1211 3
1212 3
1213 3
1214 2
1215 6
1216 2
1217 3
1218 0
1219 3
1220 0
1221 3
1222 5
1223 3
1224 0
1225 3
1226 5
1227 5
1228 0
1229 2
1230 4
1231 3
1232 0
1233 2
1234 4
1235 4
1236 6
1237 5
1238 2
1239 3
1240 4
1241 3
1242 3
1243 2
1244 1
1245 1
1246 4
1247 3
1248 1
1249 2
1250 2
1251 1
1252 2
1253 1
1254 2
1255 4
1256 3
1257 4
1258 1
1259 0
1260 4
1261 4
1262 2
1263 2
1264 4
1265 4
1266 4
1267 5
1268 0
1269 5
1270 3
1271 3
1272 3
1273 3
1274 3
1275 0
1276 5
1277 3
1278 3
1279 0
1280 2
1281 2
1282 2
1283 1
1284 2
1285 0
1286 4
1287 2
1288 6
1289 3
1290 3
1291 6
1292 2
1293 0
1294 3
1295 3
1296 0
1297 3
1298 3
1299 3
1300 3
1301 3
1302 0
1303 3
1304 1
1305 2
1306 2
1307 4
1308 2
1309 5
1310 3
1311 5
1312 5
1313 5
1314 5
1315 3
1316 3
1317 2
1318 4
1319 3
1320 4
1321 3
1322 4
1323 3
1324 5
1325 3
1326 3
1327 6
1328 6
1329 3
1330 0
1331 3
1332 0
1333 6
1334 3
1335 1
1336 4
1337 1
1338 5
1339 2
1340 3
1341 0
1342 4
1343 4
1344 3
1345 2
1346 1
1347 3
1348 3
1349 4
1350 4
1351 6
1352 0
1353 5
1354 5
1355 3
1356 3
1357 0
1358 2
1359 6
1360 5
1361 2
1362 6
1363 3
1364 3
1365 3
1366 4
1367 1
1368 5
1369 4
1370 6
1371 3
1372 6
1373 2
1374 0
1375 5
1376 0
1377 5
1378 2
1379 4
1380 4
1381 4
1382 3
1383 2
1384 2
1385 4
1386 3
1387 6
1388 0
1389 2
1390 4
1391 0
1392 3
1393 3
1394 5
1395 0
1396 6
1397 0
1398 2
1399 6
1400 3
1401 4
1402 6
1403 3
1404 5
1405 3
1406 4
1407 2
1408 5
1409 5
1410 0
1411 3
1412 2
1413 3
1414 5
1415 5
1416 0
1417 4
1418 4
1419 4
1420 6
1421 6
1422 4
1423 3
1424 3
1425 4
1426 2
1427 2
1428 4
1429 4
1430 2
1431 2
1432 3
1433 2
1434 3
1435 0
1436 5
1437 4
1438 3
1439 3
1440 3
1441 5
1442 3
1443 4
1444 2
1445 3
1446 3
1447 3
1448 1
1449 4
1450 3
1451 4
1452 4
1453 3
1454 4
1455 5
1456 3
1457 3
1458 3
1459 1
1460 3
1461 4
1462 3
1463 3
1464 6
1465 3
1466 2
1467 0
1468 0
1469 3
1470 5
1471 2
1472 3
1473 3
1474 4
1475 0
1476 6
1477 3
1478 5
1479 3
1480 2
1481 4
1482 6
1483 2
1484 4
1485 6
1486 2
1487 6
1488 3
1489 2
1490 1
1491 4
1492 2
1493 4
1494 5
1495 6
1496 3
1497 3
1498 3
1499 2
1500 5
1501 6
1502 3
1503 3
1504 6
1505 1
1506 2
1507 0
1508 3
1509 2
1510 4
1511 3
1512 5
1513 2
1514 3
1515 0
1516 2
1517 0
1518 4
1519 4
1520 2
1521 0
1522 4
1523 0
1524 0
1525 6
1526 0
1527 0
1528 2
1529 4
1530 4
1531 4
1532 4
1533 4
1534 4
1535 0
1536 0
1537 5
1538 5
1539 6
1540 0
1541 3
1542 3
1543 5
1544 5
1545 4
1546 2
1547 1
1548 3
1549 5
1550 2
1551 1
1552 1
1553 5
1554 3
1555 5
1556 0
1557 2
1558 3
1559 4
1560 1
1561 1
1562 2
1563 3
1564 1
1565 2
1566 2
1567 3
1568 2
1569 4
1570 3
1571 1
1572 1
1573 3
1574 3
1575 3
1576 3
1577 3
1578 5
1579 5
1580 0
1581 3
1582 3
1583 0
1584 1
1585 4
1586 2
1587 6
1588 0
1589 2
1590 3
1591 3
1592 6
1593 6
1594 5
1595 3
1596 2
1597 3
1598 3
1599 2
1600 3
1601 2
1602 0
1603 3
1604 2
1605 3
1606 2
1607 3
1608 3
1609 1
1610 2
1611 3
1612 2
1613 3
1614 3
1615 3
1616 6
1617 2
1618 4
1619 5
1620 1
1621 3
1622 3
1623 1
1624 1
1625 2
1626 4
1627 2
1628 0
1629 2
1630 5
1631 0
1632 2
1633 3
1634 4
1635 4
1636 3
1637 0
1638 1
1639 4
1640 1
1641 3
1642 2
1643 4
1644 0
1645 3
1646 2
1647 6
1648 2
1649 4
1650 5
1651 1
1652 0
1653 4
1654 3
1655 0
1656 1
1657 3
1658 0
1659 2
1660 6
1661 5
1662 3
1663 3
1664 3
1665 3
1666 3
1667 4
1668 2
1669 0
1670 1
1671 4
1672 0
1673 3
1674 6
1675 6
1676 6
1677 5
1678 3
1679 3
1680 0
1681 3
1682 0
1683 6
1684 3
1685 2
1686 4
1687 2
1688 4
1689 2
1690 5
1691 3
1692 3
1693 0
1694 2
1695 0
1696 0
1697 3
1698 6
1699 1
1700 5
1701 3
1702 4
1703 4
1704 3
1705 1
1706 2
1707 5
1708 3
1709 1
1710 6
1711 2
1712 4
1713 3
1714 6
1715 6
1716 1
1717 1
1718 4
1719 2
1720 3
1721 4
1722 4
1723 5
1724 3
1725 0
1726 0
1727 4
1728 3
1729 2
1730 6
1731 3
1732 4
1733 5
1734 4
1735 3
1736 3
1737 3
1738 0
1739 4
1740 5
1741 3
1742 2
1743 2
1744 4
1745 1
1746 5
1747 6
1748 3
1749 2
1750 4
1751 3
1752 6
1753 0
1754 3
1755 3
1756 0
1757 3
1758 3
1759 1
1760 2
1761 3
1762 3
1763 2
1764 1
1765 0
1766 3
1767 4
1768 4
1769 3
1770 3
1771 2
1772 0
1773 6
1774 3
1775 5
1776 0
1777 0
1778 4
1779 3
1780 2
1781 3
1782 5
1783 2
1784 1
1785 1
1786 1
1787 3
1788 5
1789 3
1790 0
1791 6
1792 4
1793 3
1794 3
1795 3
1796 0
1797 3
1798 3
1799 0
1800 0
1801 3
1802 3
1803 4
1804 3
1805 5
1806 2
1807 6
1808 3
1809 0
1810 3
1811 2
1812 3
1813 5
1814 3
1815 2
1816 3
1817 4
1818 1
1819 3
1820 1
1821 2
1822 3
1823 1
1824 5
1825 4
1826 0
1827 1
1828 2
1829 1
1830 5
1831 0
1832 3
1833 4
1834 3
1835 4
1836 1
1837 2
1838 2
1839 0
1840 1
1841 4
1842 0
1843 2
1844 1
1845 4
1846 3
1847 1
1848 3
1849 3
1850 2
1851 4
1852 1
1853 3
1854 3
1855 0
1856 5
1857 3
1858 6
1859 4
1860 6
1861 2
1862 4
1863 2
1864 3
1865 5
1866 6
1867 3
1868 5
1869 0
1870 0
1871 3
1872 6
1873 0
1874 3
1875 2
1876 3
1877 2
1878 0
1879 1
1880 1
1881 4
1882 3
1883 1
1884 2
1885 4
1886 0
1887 4
1888 3
1889 6
1890 3
1891 5
1892 3
1893 3
1894 0
1895 5
1896 2
1897 2
1898 6
1899 5
1900 2
1901 5
1902 6
1903 0
1904 5
1905 2
1906 1
1907 3
1908 4
1909 5
1910 1
1911 4
1912 3
1913 3
1914 3
1915 0
1916 0
1917 4
1918 1
1919 6
1920 5
1921 3
1922 0
1923 3
1924 0
1925 3
1926 0
1927 5
1928 3
1929 3
1930 2
1931 4
1932 3
1933 3
1934 3
1935 3
1936 3
1937 4
1938 3
1939 1
1940 4
1941 3
1942 3
1943 6
1944 3
1945 1
1946 1
1947 3
1948 5
1949 6
1950 0
1951 6
1952 6
1953 4
1954 1
1955 5
1956 3
1957 3
1958 0
1959 2
1960 3
1961 3
1962 3
1963 4
1964 3
1965 2
1966 3
1967 2
1968 2
1969 1
1970 3
1971 4
1972 3
1973 2
1974 4
1975 3
1976 4
1977 1
1978 3
1979 4
1980 0
1981 0
1982 5
1983 5
1984 6
1985 3
1986 5
1987 2
1988 3
1989 3
1990 5
1991 1
1992 1
1993 3
1994 6
1995 0
1996 4
1997 3
1998 3
1999 2
2000 5
2001 3
2002 4
2003 3
2004 0
2005 2
2006 3
2007 0
2008 2
2009 3
2010 5
2011 3
2012 4
2013 0
2014 2
2015 3
2016 3
2017 1
2018 2
2019 2
2020 0
2021 2
2022 2
2023 5
2024 5
2025 6
2026 3
2027 0
2028 4
2029 3
2030 4
2031 0
2032 2
2033 0
2034 3
2035 0
2036 6
2037 3
2038 3
2039 0
2040 2
2041 4
2042 4
2043 0
2044 2
2045 3
2046 5
2047 3
2048 1
2049 3
2050 3
2051 0
2052 6
2053 3
2054 3
2055 2
2056 3
2057 2
2058 4
2059 3
2060 0
2061 4
2062 6
2063 0
2064 3
2065 3
2066 2
2067 5
2068 0
2069 0
2070 4
2071 6
2072 1
2073 3
2074 3
2075 5
2076 2
2077 0
2078 3
2079 2
2080 3
2081 1
2082 4
2083 3
2084 3
2085 3
2086 5
2087 4
2088 3
2089 0
2090 2
2091 3
2092 5
2093 4
2094 5
2095 3
2096 3
2097 2
2098 3
2099 1
2100 3
2101 4
2102 4
2103 1
2104 4
2105 3
2106 3
2107 0
2108 6
2109 3
2110 3
2111 3
2112 6
2113 0
2114 6
2115 1
2116 3
2117 5
2118 2
2119 2
2120 4
2121 2
2122 2
2123 2
2124 3
2125 3
2126 0
2127 3
2128 3
2129 3
2130 3
2131 3
2132 0
2133 2
2134 3
2135 0
2136 5
2137 2
2138 2
2139 4
2140 1
2141 4
2142 4
2143 6
2144 1
2145 3
2146 3
2147 3
2148 4
2149 5
2150 3
2151 4
2152 2
2153 3
2154 4
2155 4
2156 6
2157 3
2158 4
2159 2
2160 5
2161 1
2162 3
2163 3
2164 0
2165 2
2166 2
2167 3
2168 4
2169 5
2170 5
2171 2
2172 4
2173 6
2174 1
2175 2
2176 4
2177 0
2178 1
2179 2
2180 0
2181 2
2182 1
2183 5
2184 5
2185 3
2186 4
2187 2
2188 3
2189 0
2190 4
2191 0
2192 4
2193 2
2194 5
2195 3
2196 5
2197 0
2198 4
2199 2
2200 6
2201 2
2202 2
2203 4
2204 1
2205 0
2206 5
2207 3
2208 4
2209 2
2210 3
2211 2
2212 2
2213 3
2214 3
2215 3
2216 3
2217 0
2218 5
2219 1
2220 3
2221 4
2222 5
2223 3
2224 4
2225 3
2226 0
2227 2
2228 5
2229 2
2230 3
2231 1
2232 2
2233 5
2234 4
2235 2
2236 0
2237 5
2238 2
2239 2
2240 3
2241 3
2242 3
2243 5
2244 4
2245 0
2246 2
2247 0
2248 6
2249 5
2250 5
2251 1
2252 0
2253 6
2254 3
2255 3
2256 4
2257 3
2258 3
2259 2
2260 3
2261 4
2262 4
2263 4
2264 3
2265 0
2266 0
2267 0
2268 5
2269 3
2270 3
2271 2
2272 0
2273 6
2274 4
2275 3
2276 2
2277 3
2278 0
2279 4
2280 3
2281 3
2282 0
2283 1
2284 0
2285 3
2286 0
2287 4
2288 2
2289 3
2290 4
2291 5
2292 4
2293 3
2294 1
2295 3
2296 1
2297 0
2298 3
2299 5
2300 3
2301 5
2302 3
2303 2
2304 5
2305 3
2306 6
2307 3
2308 2
2309 4
2310 5
2311 4
2312 4
2313 3
2314 5
2315 3
2316 3
2317 4
2318 3
2319 3
2320 4
2321 4
2322 3
2323 2
2324 0
2325 3
2326 4
2327 4
2328 5
2329 3
2330 3
2331 0
2332 1
2333 1
2334 3
2335 2
2336 3
2337 3
2338 1
2339 2
2340 3
2341 0
2342 1
2343 5
2344 2
2345 1
2346 3
2347 3
2348 2
2349 3
2350 0
2351 6
2352 3
2353 3
2354 4
2355 3
2356 3
2357 1
2358 3
2359 3
2360 2
2361 4
2362 3
2363 4
2364 4
2365 3
2366 1
2367 1
2368 3
2369 6
2370 0
2371 5
2372 0
2373 3
2374 3
2375 3
2376 3
2377 3
2378 3
2379 4
2380 3
2381 3
2382 1
2383 2
2384 3
2385 3
2386 0
2387 6
2388 3
2389 2
2390 2
2391 1
2392 0
2393 6
2394 4
2395 0
2396 4
2397 3
2398 3
2399 4
2400 5
2401 2
2402 3
2403 1
2404 4
2405 5
2406 0
2407 3
2408 4
2409 0
2410 0
2411 1
2412 4
2413 5
2414 6
2415 0
2416 2
2417 1
2418 3
2419 3
2420 3
2421 3
2422 1
2423 6
2424 3
2425 4
2426 3
2427 0
2428 4
2429 4
2430 6
2431 3
2432 4
2433 4
2434 3
2435 3
2436 4
2437 0
2438 1
2439 2
2440 0
2441 1
2442 4
2443 3
2444 0
2445 0
2446 3
2447 0
2448 2
2449 3
2450 3
2451 5
2452 4
2453 2
2454 5
2455 3
2456 3
2457 3
2458 5
2459 4
2460 5
2461 2
2462 1
2463 4
2464 3
2465 5
2466 4
2467 0
2468 2
2469 4
2470 5
2471 5
2472 0
2473 2
2474 2
2475 5
2476 4
2477 0
2478 3
2479 0
2480 1
2481 5
2482 6
2483 3
2484 3
2485 5
2486 2
2487 4
2488 4
2489 0
2490 4
2491 3
2492 3
2493 3
2494 2
2495 2
2496 0
2497 2
2498 5
2499 1
2500 3
2501 1
2502 2
2503 3
2504 3
2505 6
2506 3
2507 3
2508 1
2509 4
2510 1
2511 3
2512 3
2513 5
2514 5
2515 3
2516 0
2517 2
2518 3
2519 1
2520 3
2521 6
2522 0
2523 4
2524 2
2525 4
2526 3
2527 0
2528 3
2529 3
2530 6
2531 0
2532 4
2533 3
2534 4
2535 3
2536 2
2537 0
2538 4
2539 6
2540 6
2541 0
2542 2
2543 3
2544 3
2545 3
2546 4
2547 4
2548 6
2549 4
2550 5
2551 6
2552 3
2553 4
2554 3
2555 4
2556 5
2557 0
2558 4
2559 5
2560 2
2561 4
2562 2
2563 4
2564 4
2565 2
2566 3
2567 3
2568 0
2569 1
2570 3
2571 1
2572 1
2573 4
2574 3
2575 5
2576 0
2577 5
2578 3
2579 3
2580 3
2581 6
2582 0
2583 0
2584 6
2585 5
2586 3
2587 3
2588 0
2589 5
2590 2
2591 1
2592 4
2593 4
2594 2
2595 1
2596 5
2597 4
2598 0
2599 2
2600 1
2601 3
2602 6
2603 2
2604 0
2605 4
2606 1
2607 2
2608 3
2609 3
2610 0
2611 2
2612 3
2613 3
2614 0
2615 0
2616 3
2617 4
2618 3
2619 5
2620 4
2621 2
2622 0
2623 3
2624 6
2625 2
2626 3
2627 2
2628 0
2629 2
2630 4
2631 0
2632 5
2633 2
2634 2
2635 3
2636 2
2637 3
2638 2
2639 0
2640 5
2641 4
2642 3
2643 2
2644 5
2645 1
2646 3
2647 5
2648 1
2649 3
2650 1
2651 2
2652 5
2653 3
2654 1
2655 5
2656 6
2657 2
2658 0
2659 3
2660 3
2661 3
2662 2
2663 0
2664 6
2665 0
2666 3
2667 4
2668 3
2669 3
2670 5
2671 3
2672 4
2673 5
2674 3
2675 3
2676 3
2677 5
2678 2
2679 2
2680 6
2681 3
2682 3
2683 2
2684 3
2685 3
2686 3
2687 4
2688 3
2689 1
2690 3
2691 0
2692 3
2693 6
2694 3
2695 2
2696 5
2697 1
2698 5
2699 3
2700 4
2701 6
2702 3
2703 1
2704 3
2705 1
2706 2
2707 6
