0 0
1 1
2 2
3 1
4 3
5 4
6 1
7 1
8 5
9 1
10 1
11 6
12 7
13 8
14 2
15 1
16 1
17 9
18 10
19 11
20 9
21 1
22 1
23 1
24 4
25 1
26 1
27 12
28 13
29 14
30 15
31 1
32 16
33 9
34 4
35 16
36 1
37 4
38 1
39 1
40 1
41 9
42 2
43 17
44 9
45 1
46 18
47 1
48 4
49 1
50 1
51 19
52 20
53 21
54 14
55 1
56 1
57 4
58 4
59 22
60 1
61 14
62 1
63 1
64 1
65 1
66 8
67 1
68 23
69 1
70 8
71 14
72 1
73 24
74 24
75 25
76 8
77 1
78 26
79 1
80 4
81 14
82 1
83 19
84 22
85 4
86 23
87 1
88 27
89 1
90 20
91 28
92 4
93 9
94 4
95 1
96 1
97 14
98 1
99 29
100 30
101 4
102 31
103 1
104 1
105 1
106 32
107 33
108 1
109 1
110 14
111 16
112 34
113 8
114 1
115 9
116 29
117 1
118 8
119 1
120 35
121 1
122 1
123 1
124 1
125 1
126 20
127 1
128 1
129 1
130 36
131 23
132 14
133 1
134 8
135 1
136 1
137 9
138 23
139 1
140 29
141 1
142 1
143 23
144 29
145 20
146 1
147 29
148 1
149 13
150 29
151 8
152 1
153 37
154 24
155 29
156 22
157 1
158 8
159 38
160 39
161 8
162 13
163 14
164 24
165 8
166 40
167 41
168 1
169 1
170 1
171 1
172 1
173 42
174 43
175 44
176 1
177 45
178 46
179 20
180 4
181 47
182 48
183 14
184 49
185 1
186 1
187 4
188 1
189 1
190 1
191 50
192 16
193 14
194 4
195 51
196 1
197 1
198 1
199 8
200 1
201 52
202 4
203 8
204 24
205 53
206 24
207 1
208 1
209 16
210 20
211 8
212 8
213 1
214 9
215 14
216 2
217 54
218 8
219 1
220 43
221 55
222 14
223 22
224 1
225 18
226 56
227 44
228 57
229 14
230 58
231 59
232 60
233 1
234 61
235 8
236 1
237 19
238 8
239 22
240 8
241 62
242 1
243 63
244 43
245 14
246 1
247 1
248 1
249 4
250 22
251 1
252 8
253 14
254 4
255 1
256 1
257 22
258 4
259 14
260 64
261 1
262 43
263 65
264 14
265 8
266 4
267 66
268 22
269 1
270 29
271 1
272 67
273 68
274 1
275 69
276 1
277 1
278 70
279 24
280 1
281 1
282 43
283 71
284 72
285 1
286 1
287 73
288 1
289 16
290 1
291 1
292 24
293 43
294 1
295 22
296 74
297 1
298 14
299 4
300 75
301 1
302 76
303 1
304 1
305 77
306 78
307 79
308 8
309 1
310 16
311 8
312 9
313 8
314 1
315 1
316 1
317 1
318 1
319 1
320 80
321 16
322 1
323 1
324 8
325 1
326 9
327 29
328 1
329 81
330 4
331 8
332 8
333 9
334 14
335 82
336 24
337 16
338 1
339 1
340 1
341 1
342 1
343 9
344 22
345 1
346 83
347 1
348 0
349 84
350 84
351 85
352 84
353 84
354 84
355 84
356 84
357 84
358 85
359 84
360 84
361 84
362 84
363 0
364 85
365 86
366 0
367 84
368 84
369 84
370 84
371 84
372 84
373 87
374 84
375 84
376 87
377 84
378 84
379 84
380 84
381 84
382 84
383 84
384 88
385 84
386 89
387 87
388 87
389 90
390 84
391 87
392 84
393 85
394 84
395 84
396 84
397 84
398 84
399 85
400 87
401 91
402 84
403 84
404 84
405 84
406 84
407 84
408 87
409 84
410 84
411 92
412 84
413 84
414 93
415 84
416 84
417 84
418 84
419 84
420 0
421 84
422 84
423 84
424 84
425 84
426 84
427 86
428 0
429 84
430 84
431 87
432 84
433 84
434 84
435 84
436 84
437 84
438 84
439 84
440 84
441 85
442 84
443 94
444 84
445 84
446 84
447 85
448 84
449 84
450 87
451 84
452 87
453 84
454 85
455 84
456 84
457 84
458 84
459 84
460 84
461 87
462 84
463 87
464 95
465 84
466 84
467 84
468 92
469 84
470 84
471 84
472 84
473 84
474 84
475 87
476 84
477 84
478 84
479 84
480 84
481 84
482 84
483 84
484 84
485 84
486 84
487 84
488 84
489 84
490 84
491 84
492 84
493 84
494 84
495 84
496 84
497 84
498 92
499 84
500 87
501 85
502 84
503 84
504 84
505 84
506 84
507 84
508 84
509 84
510 84
511 84
512 84
513 87
514 84
515 84
516 84
517 0
518 84
519 84
520 84
521 84
522 84
523 84
524 87
525 87
526 93
527 84
528 84
529 84
530 84
531 84
532 84
533 84
534 84
535 84
536 84
537 84
538 84
539 84
540 84
541 84
542 84
543 84
544 84
545 84
546 84
547 84
548 84
549 86
550 96
551 84
552 97
553 84
554 84
555 84
556 84
557 84
558 84
559 84
560 84
561 84
562 84
563 90
564 85
565 84
566 0
567 84
568 84
569 84
570 84
571 84
572 84
573 98
574 98
575 98
576 99
577 99
578 99
579 100
580 101
581 102
582 99
583 99
584 103
585 104
586 105
587 106
588 98
589 98
590 101
591 101
592 100
593 107
594 108
595 99
596 98
597 100
598 98
599 99
600 99
601 101
602 103
603 100
604 101
605 98
606 0
607 101
608 109
609 98
610 110
611 100
612 98
613 111
614 101
615 99
616 103
617 98
618 98
619 98
620 98
621 98
622 98
623 98
624 112
625 98
626 98
627 99
628 99
629 98
630 98
631 103
632 99
633 98
634 113
635 99
636 98
637 101
638 98
639 103
640 99
641 101
642 114
643 99
644 98
645 115
646 116
647 99
648 117
649 118
650 99
651 0
652 119
653 98
654 98
655 98
656 120
657 98
658 99
659 99
660 103
661 99
662 99
663 98
664 98
665 99
666 98
667 118
668 101
669 101
670 99
671 121
672 98
673 122
674 101
675 99
676 101
677 100
678 103
679 103
680 98
681 99
682 103
683 101
684 100
685 98
686 123
687 124
688 125
689 126
690 127
691 128
692 129
693 125
694 130
695 125
696 125
697 124
698 124
699 126
700 124
701 125
702 131
703 124
704 132
705 124
706 125
707 126
708 124
709 124
710 129
711 127
712 126
713 125
714 131
715 129
716 124
717 124
718 124
719 124
720 124
721 133
722 128
723 127
724 125
725 131
726 125
727 127
728 124
729 129
730 124
731 125
732 126
733 128
734 127
735 129
736 128
737 124
738 127
739 124
740 132
741 124
742 128
743 128
744 134
745 124
746 128
747 124
748 124
749 130
750 132
751 127
752 125
753 129
754 124
755 124
756 127
757 128
758 124
759 124
760 125
761 129
762 129
763 124
764 124
765 124
766 125
767 126
768 128
769 124
770 124
771 128
772 130
773 125
774 124
775 124
776 126
777 125
778 125
779 124
780 124
781 124
782 124
783 124
784 127
785 134
786 128
787 124
788 126
789 128
790 124
791 131
792 124
793 124
794 127
795 127
796 126
797 124
798 124
799 135
800 130
801 130
802 131
803 124
804 124
805 124
806 128
807 124
808 124
809 124
810 126
811 129
812 124
813 128
814 124
815 124
816 128
817 124
818 131
819 124
820 124
821 135
822 131
823 124
824 124
825 129
826 135
827 124
828 124
829 127
830 124
831 124
832 124
833 128
834 125
835 124
836 124
837 124
838 124
839 131
840 124
841 124
842 127
843 124
844 125
845 125
846 134
847 125
848 127
849 124
850 128
851 136
852 124
853 125
854 128
855 137
856 124
857 138
858 139
859 140
860 141
861 142
862 143
863 144
864 144
865 143
866 139
867 145
868 143
869 146
870 139
871 143
872 145
873 145
874 145
875 144
876 144
877 145
878 144
879 139
880 147
881 139
882 144
883 148
884 144
885 145
886 144
887 145
888 144
889 144
890 149
891 150
892 151
893 144
894 152
895 139
896 153
897 154
898 155
899 156
900 157
901 158
902 159
903 158
904 160
905 161
906 93
907 162
908 93
909 163
910 158
911 164
912 156
913 165
914 0
915 0
916 93
917 166
918 167
919 168
920 93
921 93
922 93
923 93
924 169
925 93
926 93
927 93
928 170
929 93
930 171
931 172
932 173
933 174
934 93
935 175
936 176
937 177
938 158
939 178
940 179
941 180
942 181
943 182
944 183
945 184
946 93
947 93
948 185
949 186
950 90
951 93
952 93
953 187
954 188
955 189
956 190
957 191
958 158
959 192
960 193
961 93
962 194
963 158
964 195
965 196
966 93
967 93
968 156
969 197
970 198
971 199
972 200
973 201
974 202
975 203
976 0
977 204
978 93
979 205
980 93
981 206
982 93
983 93
984 207
985 208
986 209
987 165
988 210
989 211
990 93
991 93
992 158
993 212
994 213
995 214
996 93
997 215
998 216
999 217
1000 218
1001 156
1002 219
1003 93
1004 220
1005 221
1006 93
1007 222
1008 93
1009 223
1010 224
1011 225
1012 156
1013 90
1014 226
1015 199
1016 205
1017 93
1018 199
1019 227
1020 228
1021 229
1022 230
1023 231
1024 232
1025 0
1026 93
1027 233
1028 93
1029 93
1030 189
1031 90
1032 234
1033 235
1034 93
1035 165
1036 199
1037 236
1038 156
1039 93
1040 237
1041 238
1042 239
1043 189
1044 240
1045 189
1046 241
1047 242
1048 93
1049 93
1050 93
1051 243
1052 165
1053 205
1054 93
1055 93
1056 93
1057 205
1058 93
1059 93
1060 199
1061 244
1062 156
1063 245
1064 246
1065 247
1066 248
1067 249
1068 93
1069 93
1070 250
1071 251
1072 252
1073 93
1074 93
1075 93
1076 93
1077 93
1078 253
1079 93
1080 0
1081 254
1082 255
1083 256
1084 93
1085 93
1086 93
1087 90
1088 93
1089 93
1090 257
1091 258
1092 93
1093 259
1094 260
1095 261
1096 262
1097 158
1098 93
1099 199
1100 263
1101 93
1102 264
1103 265
1104 266
1105 267
1106 268
1107 93
1108 269
1109 270
1110 93
1111 189
1112 93
1113 0
1114 0
1115 199
1116 93
1117 271
1118 158
1119 272
1120 199
1121 273
1122 274
1123 93
1124 93
1125 275
1126 93
1127 276
1128 93
1129 277
1130 278
1131 279
1132 93
1133 156
1134 280
1135 93
1136 281
1137 158
1138 205
1139 282
1140 93
1141 283
1142 0
1143 199
1144 90
1145 93
1146 93
1147 284
1148 285
1149 93
1150 286
1151 93
1152 287
1153 288
1154 289
1155 0
1156 290
1157 291
1158 199
1159 292
1160 293
1161 93
1162 294
1163 295
1164 296
1165 93
1166 297
1167 298
1168 299
1169 300
1170 301
1171 302
1172 93
1173 303
1174 90
1175 304
1176 305
1177 205
1178 93
1179 0
1180 306
1181 93
1182 93
1183 165
1184 93
1185 307
1186 158
1187 308
1188 309
1189 310
1190 311
1191 93
1192 312
1193 93
1194 313
1195 93
1196 314
1197 189
1198 93
1199 315
1200 316
1201 93
1202 317
1203 318
1204 319
1205 320
1206 321
1207 322
1208 323
1209 93
1210 324
1211 93
1212 325
1213 326
1214 93
1215 199
1216 158
1217 327
1218 328
1219 93
1220 329
1221 330
1222 331
1223 0
1224 332
1225 333
1226 334
1227 199
1228 335
1229 336
1230 337
1231 199
1232 158
1233 338
1234 339
1235 340
1236 341
1237 0
1238 93
1239 342
1240 343
1241 344
1242 93
1243 93
1244 345
1245 346
1246 347
1247 348
1248 349
1249 350
1250 93
1251 90
1252 189
1253 351
1254 189
1255 352
1256 353
1257 199
1258 354
1259 355
1260 356
1261 199
1262 156
1263 165
1264 357
1265 93
1266 358
1267 93
1268 359
1269 93
1270 360
1271 93
1272 93
1273 361
1274 362
1275 363
1276 364
1277 365
1278 93
1279 366
1280 367
1281 368
1282 369
1283 93
1284 370
1285 371
1286 372
1287 373
1288 93
1289 374
1290 93
1291 93
1292 375
1293 93
1294 376
1295 377
1296 378
1297 379
1298 380
1299 381
1300 382
1301 93
1302 383
1303 384
1304 385
1305 93
1306 386
1307 387
1308 388
1309 389
1310 390
1311 391
1312 93
1313 392
1314 158
1315 393
1316 394
1317 93
1318 395
1319 158
1320 0
1321 93
1322 396
1323 397
1324 398
1325 399
1326 400
1327 93
1328 93
1329 93
1330 93
1331 401
1332 0
1333 158
1334 93
1335 402
1336 403
1337 156
1338 404
1339 93
1340 405
1341 406
1342 407
1343 408
1344 93
1345 409
1346 410
1347 411
1348 412
1349 413
1350 414
1351 93
1352 93
1353 415
1354 416
1355 417
1356 418
1357 419
1358 420
1359 421
1360 93
1361 93
1362 422
1363 158
1364 423
1365 93
1366 424
1367 93
1368 189
1369 93
1370 425
1371 158
1372 426
1373 427
1374 428
1375 93
1376 93
1377 93
1378 158
1379 199
1380 93
1381 199
1382 429
1383 430
1384 189
1385 90
1386 431
1387 0
1388 432
1389 433
1390 93
1391 93
1392 434
1393 435
1394 436
1395 156
1396 437
1397 438
1398 93
1399 439
1400 440
1401 441
1402 93
1403 205
1404 442
1405 93
1406 443
1407 444
1408 0
1409 445
1410 90
1411 93
1412 446
1413 199
1414 447
1415 448
1416 93
1417 449
1418 199
1419 33
1420 93
1421 90
1422 93
1423 199
1424 158
1425 450
1426 451
1427 452
1428 453
1429 165
1430 454
1431 93
1432 455
1433 456
1434 457
1435 93
1436 199
1437 458
1438 459
1439 156
1440 460
1441 93
1442 156
1443 461
1444 165
1445 93
1446 462
1447 93
1448 199
1449 93
1450 93
1451 463
1452 158
1453 464
1454 465
1455 466
1456 467
1457 468
1458 93
1459 469
1460 93
1461 470
1462 471
1463 472
1464 473
1465 474
1466 475
1467 93
1468 158
1469 165
1470 93
1471 93
1472 476
1473 477
1474 478
1475 479
1476 480
1477 93
1478 481
1479 482
1480 93
1481 483
1482 484
1483 485
1484 93
1485 93
1486 486
1487 0
1488 487
1489 488
1490 489
1491 93
1492 490
1493 491
1494 93
1495 492
1496 493
1497 494
1498 495
1499 496
1500 497
1501 498
1502 499
1503 500
1504 165
1505 93
1506 501
1507 502
1508 503
1509 93
1510 504
1511 505
1512 506
1513 93
1514 507
1515 199
1516 93
1517 93
1518 508
1519 93
1520 93
1521 93
1522 93
1523 93
1524 93
1525 509
1526 510
1527 511
1528 93
1529 512
1530 513
1531 165
1532 93
1533 158
1534 93
1535 93
1536 514
1537 93
1538 515
1539 93
1540 93
1541 516
1542 165
1543 517
1544 93
1545 518
1546 519
1547 93
1548 158
1549 90
1550 520
1551 93
1552 521
1553 93
1554 93
1555 90
1556 522
1557 93
1558 93
1559 93
1560 523
1561 93
1562 156
1563 93
1564 93
1565 524
1566 525
1567 526
1568 158
1569 527
1570 528
1571 529
1572 93
1573 530
1574 0
1575 531
1576 532
1577 533
1578 534
1579 93
1580 93
1581 535
1582 536
1583 537
1584 93
1585 93
1586 538
1587 539
1588 93
1589 93
1590 540
1591 199
1592 541
1593 93
1594 93
1595 542
1596 543
1597 93
1598 544
1599 545
1600 93
1601 158
1602 546
1603 93
1604 547
1605 548
1606 549
1607 205
1608 93
1609 550
1610 93
1611 551
1612 93
1613 93
1614 93
1615 552
1616 0
1617 93
1618 156
1619 93
1620 93
1621 93
1622 93
1623 93
1624 553
1625 554
1626 93
1627 555
1628 556
1629 158
1630 557
1631 558
1632 559
1633 560
1634 561
1635 199
1636 199
1637 93
1638 562
1639 93
1640 563
1641 93
1642 93
1643 93
1644 93
1645 564
1646 565
1647 566
1648 567
1649 568
1650 569
1651 570
1652 93
1653 93
1654 571
1655 572
1656 33
1657 156
1658 156
1659 93
1660 573
1661 574
1662 575
1663 93
1664 205
1665 576
1666 93
1667 577
1668 93
1669 93
1670 578
1671 579
1672 580
1673 581
1674 582
1675 93
1676 90
1677 583
1678 93
1679 0
1680 584
1681 585
1682 199
1683 93
1684 90
1685 586
1686 587
1687 588
1688 93
1689 93
1690 165
1691 199
1692 0
1693 589
1694 590
1695 591
1696 592
1697 93
1698 93
1699 165
1700 93
1701 93
1702 93
1703 593
1704 594
1705 595
1706 596
1707 597
1708 93
1709 598
1710 93
1711 599
1712 600
1713 601
1714 93
1715 602
1716 603
1717 93
1718 604
1719 93
1720 605
1721 93
1722 93
1723 93
1724 93
1725 606
1726 93
1727 165
1728 607
1729 608
1730 93
1731 609
1732 610
1733 158
1734 611
1735 93
1736 93
1737 93
1738 165
1739 612
1740 613
1741 614
1742 615
1743 616
1744 617
1745 165
1746 93
1747 158
1748 618
1749 619
1750 93
1751 620
1752 93
1753 93
1754 621
1755 622
1756 623
1757 93
1758 93
1759 624
1760 165
1761 93
1762 625
1763 626
1764 627
1765 93
1766 0
1767 0
1768 628
1769 93
1770 629
1771 630
1772 631
1773 632
1774 93
1775 633
1776 634
1777 635
1778 636
1779 93
1780 156
1781 637
1782 638
1783 639
1784 158
1785 640
1786 641
1787 158
1788 642
1789 93
1790 643
1791 93
1792 93
1793 93
1794 644
1795 93
1796 93
1797 645
1798 158
1799 93
1800 93
1801 646
1802 647
1803 93
1804 648
1805 93
1806 649
1807 165
1808 199
1809 93
1810 650
1811 93
1812 651
1813 93
1814 156
1815 652
1816 93
1817 93
1818 156
1819 93
1820 653
1821 156
1822 654
1823 93
1824 655
1825 656
1826 657
1827 93
1828 199
1829 658
1830 659
1831 660
1832 661
1833 93
1834 662
1835 93
1836 93
1837 158
1838 93
1839 663
1840 664
1841 665
1842 93
1843 93
1844 666
1845 93
1846 93
1847 667
1848 199
1849 668
1850 669
1851 93
1852 93
1853 670
1854 671
1855 672
1856 673
1857 674
1858 675
1859 199
1860 676
1861 93
1862 677
1863 93
1864 678
1865 93
1866 679
1867 93
1868 680
1869 681
1870 682
1871 683
1872 199
1873 684
1874 685
1875 199
1876 686
1877 93
1878 687
1879 688
1880 158
1881 0
1882 0
1883 93
1884 689
1885 156
1886 93
1887 690
1888 93
1889 691
1890 692
1891 199
1892 693
1893 694
1894 695
1895 158
1896 205
1897 156
1898 696
1899 199
1900 93
1901 697
1902 93
1903 698
1904 699
1905 700
1906 701
1907 702
1908 703
1909 704
1910 705
1911 706
1912 707
1913 708
1914 709
1915 710
1916 711
1917 712
1918 712
1919 709
1920 604
1921 709
1922 710
1923 474
1924 713
1925 712
1926 714
1927 709
1928 709
1929 712
1930 714
1931 709
1932 604
1933 714
1934 714
1935 709
1936 714
1937 714
1938 712
1939 715
1940 716
1941 717
1942 712
1943 712
1944 714
1945 604
1946 712
1947 474
1948 604
1949 710
1950 709
1951 709
1952 718
1953 712
1954 709
1955 604
1956 719
1957 720
1958 720
1959 715
1960 714
1961 721
1962 712
1963 712
1964 722
1965 714
1966 712
1967 715
1968 709
1969 712
1970 715
1971 712
1972 720
1973 720
1974 723
1975 714
1976 709
1977 708
1978 714
1979 712
1980 720
1981 715
1982 724
1983 712
1984 712
1985 474
1986 712
1987 725
1988 726
1989 712
1990 714
1991 709
1992 726
1993 712
1994 604
1995 709
1996 710
1997 712
1998 709
1999 709
2000 709
2001 709
2002 715
2003 715
2004 709
2005 712
2006 709
2007 712
2008 714
2009 709
2010 708
2011 709
2012 709
2013 714
2014 709
2015 709
2016 709
2017 710
2018 709
2019 712
2020 709
2021 712
2022 709
2023 710
2024 709
2025 709
2026 708
2027 709
2028 604
2029 714
2030 712
2031 722
2032 604
2033 712
2034 474
2035 714
2036 708
2037 712
2038 722
2039 604
2040 712
2041 710
2042 474
2043 712
2044 727
2045 712
2046 712
2047 717
2048 712
2049 714
2050 728
2051 708
2052 604
2053 715
2054 715
2055 712
2056 712
2057 725
2058 729
2059 712
2060 712
2061 720
2062 710
2063 712
2064 712
2065 708
2066 708
2067 712
2068 604
2069 712
2070 714
2071 604
2072 715
2073 712
2074 712
2075 715
2076 726
2077 712
2078 712
2079 730
2080 714
2081 731
2082 708
2083 712
2084 712
2085 714
2086 712
2087 604
2088 712
2089 714
2090 712
2091 714
2092 712
2093 712
2094 717
2095 712
2096 474
2097 709
2098 732
2099 708
2100 733
2101 715
2102 604
2103 712
2104 712
2105 714
2106 734
2107 735
2108 712
2109 712
2110 715
2111 474
2112 712
2113 733
2114 710
2115 712
2116 709
2117 604
2118 712
2119 714
2120 710
2121 712
2122 712
2123 712
2124 712
2125 710
2126 721
2127 604
2128 736
2129 708
2130 708
2131 712
2132 715
2133 722
2134 474
2135 604
2136 712
2137 732
2138 604
2139 712
2140 712
2141 714
2142 474
2143 709
2144 737
2145 714
2146 714
2147 712
2148 604
2149 533
2150 712
2151 604
2152 714
2153 604
2154 712
2155 714
2156 710
2157 709
2158 714
2159 709
2160 714
2161 715
2162 714
2163 604
2164 712
2165 712
2166 738
2167 721
2168 710
2169 708
2170 726
2171 709
2172 712
2173 714
2174 474
2175 714
2176 722
2177 715
2178 714
2179 712
2180 739
2181 714
2182 731
2183 717
2184 712
2185 740
2186 722
2187 604
2188 712
2189 712
2190 712
2191 604
2192 709
2193 714
2194 604
2195 741
2196 604
2197 714
2198 742
2199 715
2200 712
2201 712
2202 743
2203 604
2204 474
2205 744
2206 712
2207 745
2208 723
2209 722
2210 712
2211 722
2212 712
2213 746
2214 708
2215 725
2216 712
2217 733
2218 712
2219 740
2220 712
2221 710
2222 715
2223 604
2224 710
2225 720
2226 747
2227 708
2228 714
2229 712
2230 748
2231 710
2232 710
2233 712
2234 712
2235 715
2236 714
2237 712
2238 714
2239 749
2240 712
2241 474
2242 714
2243 710
2244 712
2245 721
2246 604
2247 604
2248 714
2249 708
2250 604
2251 708
2252 715
2253 712
2254 604
2255 726
2256 708
2257 712
2258 712
2259 726
2260 718
2261 712
2262 712
2263 708
2264 750
2265 708
2266 474
2267 712
2268 709
2269 751
2270 708
2271 712
2272 714
2273 604
2274 715
2275 712
2276 712
2277 714
2278 712
2279 604
2280 715
2281 752
2282 715
2283 710
2284 709
2285 753
2286 714
2287 712
2288 712
2289 604
2290 712
2291 708
2292 736
2293 712
2294 715
2295 708
2296 722
2297 709
2298 748
2299 712
2300 712
2301 715
2302 736
2303 754
2304 604
2305 755
2306 712
2307 712
2308 712
2309 712
2310 722
2311 712
2312 708
2313 714
2314 714
2315 604
2316 710
2317 714
2318 722
2319 604
2320 726
2321 718
2322 714
2323 712
2324 712
2325 722
2326 712
2327 715
2328 710
2329 712
2330 756
2331 714
2332 717
2333 715
2334 712
2335 714
2336 710
2337 709
2338 604
2339 712
2340 712
2341 709
2342 714
2343 604
2344 474
2345 708
2346 709
2347 712
2348 732
2349 726
2350 712
2351 604
2352 712
2353 712
2354 712
2355 708
2356 712
2357 714
2358 708
2359 712
2360 714
2361 714
2362 714
2363 712
2364 709
2365 720
2366 714
2367 604
2368 757
2369 712
2370 712
2371 708
2372 604
2373 714
2374 712
2375 733
2376 712
2377 715
2378 709
2379 714
2380 758
2381 712
2382 474
2383 759
2384 715
2385 725
2386 712
2387 712
2388 714
2389 708
2390 715
2391 712
2392 712
2393 712
2394 715
2395 712
2396 715
2397 714
2398 726
2399 715
2400 708
2401 726
2402 708
2403 714
2404 712
2405 714
2406 714
2407 712
2408 712
2409 712
2410 712
2411 714
2412 714
2413 708
2414 712
2415 715
2416 722
2417 760
2418 712
2419 722
2420 604
2421 474
2422 708
2423 712
2424 710
2425 719
2426 732
2427 761
2428 712
2429 762
2430 712
2431 718
2432 715
2433 712
2434 715
2435 763
2436 736
2437 474
2438 715
2439 733
2440 714
2441 708
2442 712
2443 712
2444 726
2445 708
2446 712
2447 709
2448 708
2449 712
2450 708
2451 715
2452 714
2453 723
2454 708
2455 474
2456 474
2457 764
2458 710
2459 709
2460 712
2461 604
2462 712
2463 736
2464 712
2465 737
2466 726
2467 765
2468 474
2469 712
2470 474
2471 604
2472 709
2473 604
2474 714
2475 604
2476 712
2477 712
2478 712
2479 715
2480 714
2481 721
2482 712
2483 764
2484 712
2485 712
2486 726
2487 721
2488 708
2489 712
2490 766
2491 533
2492 712
2493 767
2494 709
2495 712
2496 604
2497 708
2498 604
2499 712
2500 712
2501 710
2502 708
2503 714
2504 712
2505 723
2506 732
2507 712
2508 768
2509 715
2510 769
2511 715
2512 770
2513 726
2514 708
2515 726
2516 604
2517 708
2518 720
2519 604
2520 712
2521 731
2522 771
2523 710
2524 708
2525 722
2526 712
2527 764
2528 719
2529 708
2530 708
2531 708
2532 712
2533 604
2534 708
2535 721
2536 712
2537 715
2538 709
2539 712
2540 717
2541 474
2542 710
2543 717
2544 736
2545 772
2546 712
2547 773
2548 733
2549 712
2550 712
2551 712
2552 774
2553 712
2554 775
2555 604
2556 712
2557 722
2558 719
2559 712
2560 770
2561 732
2562 714
2563 712
2564 712
2565 710
2566 714
2567 604
2568 715
2569 714
2570 721
2571 709
2572 712
2573 732
2574 712
2575 712
2576 712
2577 710
2578 712
2579 712
2580 714
2581 710
2582 604
2583 709
2584 712
2585 709
2586 712
2587 710
2588 764
2589 604
2590 712
2591 712
2592 604
2593 712
2594 604
2595 764
2596 776
2597 604
2598 710
2599 737
2600 712
2601 712
2602 712
2603 715
2604 712
2605 710
2606 712
2607 712
2608 604
2609 737
2610 722
2611 712
2612 714
2613 712
2614 708
2615 712
2616 604
2617 715
2618 714
2619 712
2620 709
2621 733
2622 726
2623 712
2624 712
2625 712
2626 709
2627 709
2628 708
2629 736
2630 712
2631 712
2632 708
2633 709
2634 714
2635 736
2636 709
2637 714
2638 712
2639 709
2640 709
2641 722
2642 710
2643 604
2644 777
2645 709
2646 712
2647 709
2648 709
2649 710
2650 726
2651 723
2652 715
2653 737
2654 712
2655 712
2656 714
2657 709
2658 709
2659 709
2660 709
2661 778
2662 779
2663 780
2664 780
2665 781
2666 780
2667 33
2668 781
2669 780
2670 782
2671 779
2672 778
2673 780
2674 778
2675 781
2676 780
2677 33
2678 33
2679 780
2680 780
2681 780
2682 779
2683 780
2684 778
2685 783
2686 781
2687 778
2688 33
2689 780
2690 33
2691 784
2692 785
2693 33
2694 780
2695 780
2696 779
2697 779
2698 780
2699 782
2700 33
2701 778
2702 781
2703 782
2704 141
2705 780
2706 780
2707 786
2708 778
2709 787
2710 780
2711 779
2712 788
2713 779
2714 789
2715 781
2716 778
2717 141
2718 781
2719 778
2720 778
2721 790
2722 786
2723 781
2724 779
2725 791
2726 780
2727 33
2728 779
2729 780
2730 781
2731 780
2732 792
2733 778
2734 33
2735 33
2736 793
2737 779
2738 780
2739 779
2740 141
2741 780
2742 778
2743 780
2744 781
2745 780
2746 780
2747 781
2748 778
2749 780
2750 780
2751 781
2752 33
2753 778
2754 780
2755 780
2756 780
2757 780
2758 781
2759 780
2760 33
2761 780
2762 793
2763 780
2764 33
2765 778
2766 780
2767 786
2768 781
2769 780
2770 778
2771 793
2772 781
2773 780
2774 784
2775 779
2776 792
2777 780
2778 778
2779 779
2780 778
2781 793
2782 780
2783 778
2784 33
2785 778
2786 780
2787 794
2788 792
2789 780
2790 33
2791 33
2792 784
2793 778
2794 780
2795 781
2796 778
2797 778
2798 780
2799 792
2800 780
2801 781
2802 33
2803 33
2804 793
2805 789
2806 780
2807 780
2808 786
2809 780
2810 780
2811 795
2812 33
2813 33
2814 141
2815 780
2816 781
2817 784
2818 33
2819 33
2820 779
2821 780
2822 33
2823 796
2824 797
2825 781
2826 33
2827 780
2828 778
2829 779
2830 779
2831 781
2832 780
2833 778
2834 782
2835 780
2836 793
2837 780
2838 141
2839 780
2840 778
2841 793
2842 786
2843 781
2844 781
2845 779
2846 778
2847 33
2848 33
2849 778
2850 780
2851 780
2852 780
2853 780
2854 780
2855 798
2856 33
2857 786
2858 793
2859 33
2860 779
2861 792
2862 780
2863 778
2864 780
2865 781
2866 799
2867 780
2868 33
2869 778
2870 779
2871 781
2872 780
2873 780
2874 780
2875 778
2876 33
2877 780
2878 781
2879 782
2880 780
2881 778
2882 33
2883 33
2884 780
2885 141
2886 302
2887 780
2888 780
2889 782
2890 780
2891 780
2892 779
2893 793
2894 778
2895 33
2896 780
2897 780
2898 793
2899 780
2900 779
2901 778
2902 792
2903 33
2904 778
2905 780
2906 780
2907 780
2908 780
2909 780
2910 780
2911 780
2912 780
2913 780
2914 781
2915 799
2916 780
2917 780
2918 781
2919 780
2920 780
2921 781
2922 789
2923 33
2924 780
2925 780
2926 786
2927 780
2928 780
2929 780
2930 792
2931 780
2932 781
2933 789
2934 779
2935 789
2936 778
2937 778
2938 800
2939 778
2940 780
2941 33
2942 801
2943 780
2944 780
2945 780
2946 780
2947 779
2948 780
2949 302
2950 781
2951 779
2952 780
2953 780
2954 793
2955 781
2956 780
2957 783
2958 33
2959 782
2960 780
2961 780
2962 779
2963 780
2964 786
2965 778
2966 780
2967 780
2968 33
2969 780
2970 778
2971 33
2972 782
2973 778
2974 780
2975 786
2976 778
2977 802
2978 780
2979 803
2980 786
2981 780
2982 782
2983 789
2984 781
2985 780
2986 780
2987 780
2988 780
2989 778
2990 779
2991 778
2992 778
2993 780
2994 780
2995 779
2996 781
2997 789
2998 33
2999 33
3000 780
3001 779
3002 779
3003 141
3004 780
3005 778
3006 786
3007 779
3008 782
3009 33
3010 780
3011 783
3012 789
3013 778
3014 780
3015 33
3016 778
3017 778
3018 779
3019 779
3020 33
3021 778
3022 780
3023 780
3024 33
3025 780
3026 780
3027 781
3028 789
3029 780
3030 780
3031 786
3032 781
3033 780
3034 804
3035 778
3036 780
3037 784
3038 778
3039 778
3040 780
3041 778
3042 780
3043 781
3044 780
3045 780
3046 778
3047 780
3048 781
3049 778
3050 781
3051 778
3052 780
3053 792
3054 780
3055 780
3056 780
3057 33
3058 778
3059 780
3060 778
3061 783
3062 779
3063 789
3064 780
3065 780
3066 302
3067 781
3068 779
3069 779
3070 778
3071 803
3072 33
3073 780
3074 784
3075 781
3076 778
3077 779
3078 780
3079 778
3080 780
3081 783
3082 778
3083 302
3084 780
3085 780
3086 779
3087 781
3088 33
3089 778
3090 780
3091 805
3092 780
3093 781
3094 786
3095 780
3096 780
3097 33
3098 780
3099 33
3100 779
3101 778
3102 778
3103 779
3104 780
3105 792
3106 778
3107 781
3108 780
3109 778
3110 33
3111 778
3112 778
3113 778
3114 780
3115 778
3116 778
3117 780
3118 779
3119 780
3120 778
3121 786
3122 792
3123 780
3124 781
3125 806
3126 302
3127 784
3128 302
3129 780
3130 780
3131 792
3132 778
3133 786
3134 781
3135 780
3136 781
3137 780
3138 33
3139 780
3140 781
3141 792
3142 780
3143 780
3144 781
3145 778
3146 778
3147 784
3148 778
3149 807
3150 778
3151 781
3152 778
3153 780
3154 779
3155 789
3156 781
3157 786
3158 780
3159 786
3160 781
3161 33
3162 779
3163 780
3164 33
3165 33
3166 780
3167 781
3168 779
3169 778
3170 778
3171 781
3172 778
3173 799
3174 780
3175 778
3176 779
3177 779
3178 33
3179 778
3180 792
3181 792
3182 778
3183 780
3184 780
3185 778
3186 779
3187 781
3188 778
3189 781
3190 793
3191 779
3192 778
3193 780
3194 778
3195 780
3196 781
3197 778
3198 778
3199 781
3200 792
3201 778
3202 780
3203 779
3204 778
3205 33
3206 778
3207 779
3208 808
3209 778
3210 779
3211 33
3212 778
3213 780
3214 793
3215 33
3216 792
3217 809
3218 792
3219 781
3220 780
3221 793
3222 33
3223 779
3224 778
3225 778
3226 780
3227 780
3228 780
3229 780
3230 33
3231 780
3232 780
3233 779
3234 780
3235 810
3236 781
3237 780
3238 780
3239 778
3240 778
3241 779
3242 33
3243 780
3244 779
3245 33
3246 779
3247 778
3248 793
3249 781
3250 780
3251 792
3252 778
3253 781
3254 778
3255 781
3256 781
3257 780
3258 33
3259 811
3260 778
3261 778
3262 778
3263 33
3264 781
3265 778
3266 783
3267 778
3268 812
3269 780
3270 786
3271 792
3272 778
3273 779
3274 778
3275 793
3276 781
3277 778
3278 33
3279 781
3280 778
3281 778
3282 784
3283 782
3284 780
3285 779
3286 780
3287 778
3288 778
3289 813
3290 141
3291 778
3292 33
3293 780
3294 780
3295 779
3296 778
3297 778
3298 778
3299 778
3300 780
3301 780
3302 33
3303 780
3304 780
3305 33
3306 778
3307 781
3308 783
3309 782
3310 302
3311 782
3312 781
3313 778
3314 782
3315 780
3316 778
3317 780
3318 782
3319 33
3320 778
3321 778
3322 302
3323 781
3324 780
3325 782
3326 781
3327 793
3328 803
3329 33
3330 33
3331 33
3332 778
3333 780
3334 779
3335 33
3336 302
3337 781
3338 786
3339 780
3340 33
3341 814
3342 33
3343 33
3344 778
3345 778
3346 779
3347 778
3348 780
3349 33
3350 778
3351 778
3352 778
3353 778
3354 792
3355 778
3356 779
3357 778
3358 781
3359 779
3360 778
3361 33
3362 780
3363 780
3364 780
3365 781
3366 779
3367 778
3368 789
3369 781
3370 786
3371 779
3372 792
3373 33
3374 33
3375 33
3376 786
3377 778
3378 778
3379 779
3380 781
3381 778
3382 782
3383 793
3384 780
3385 781
3386 778
3387 780
3388 780
3389 793
3390 780
3391 778
3392 780
3393 781
3394 780
3395 781
3396 778
3397 778
3398 783
3399 780
3400 780
3401 786
3402 786
3403 778
3404 781
3405 783
3406 778
3407 33
3408 786
3409 781
3410 779
3411 778
3412 779
3413 780
3414 780
3415 779
3416 778
3417 780
3418 781
3419 778
3420 779
3421 786
3422 778
3423 782
3424 793
3425 786
3426 780
3427 786
3428 780
3429 786
3430 780
3431 33
3432 33
3433 780
3434 778
3435 780
3436 780
3437 815
3438 816
3439 817
3440 818
3441 819
3442 820
3443 821
3444 822
3445 823
3446 824
3447 825
3448 826
3449 827
3450 828
3451 829
3452 830
3453 831
3454 832
3455 833
3456 834
3457 835
3458 836
3459 837
3460 838
3461 839
3462 840
3463 841
3464 842
3465 843
3466 844
3467 845
3468 846
3469 847
3470 848
3471 849
3472 850
3473 851
3474 852
3475 853
3476 854
3477 855
3478 856
3479 857
3480 858
3481 859
3482 848
3483 860
3484 861
3485 862
3486 863
3487 864
3488 865
3489 866
3490 867
3491 868
3492 869
3493 870
3494 871
3495 872
3496 873
3497 874
3498 875
3499 876
3500 877
3501 878
3502 879
3503 880
3504 881
3505 882
3506 883
3507 884
3508 885
3509 886
3510 887
3511 888
3512 889
3513 890
3514 891
3515 892
3516 893
3517 894
3518 865
3519 895
3520 896
3521 848
3522 897
3523 898
3524 899
3525 900
3526 901
3527 902
3528 903
3529 904
3530 905
3531 906
3532 907
3533 908
3534 832
3535 909
3536 910
3537 911
3538 912
3539 832
3540 913
3541 914
3542 915
3543 916
3544 917
3545 918
3546 919
3547 920
3548 917
3549 921
3550 922
3551 832
3552 923
3553 848
3554 832
3555 832
3556 924
3557 925
3558 883
3559 926
3560 927
3561 928
3562 929
3563 930
3564 832
3565 931
3566 832
3567 932
3568 832
3569 933
3570 934
3571 935
3572 936
3573 937
3574 865
3575 938
3576 939
3577 940
3578 941
3579 942
3580 943
3581 944
3582 945
3583 946
3584 947
3585 948
3586 834
3587 949
3588 950
3589 951
3590 952
3591 953
3592 917
3593 883
3594 954
3595 955
3596 956
3597 957
3598 958
3599 959
3600 960
3601 961
3602 962
3603 963
3604 865
3605 865
3606 964
3607 965
3608 966
3609 967
3610 968
3611 969
3612 854
3613 970
3614 971
3615 848
3616 972
3617 871
3618 973
3619 974
3620 975
3621 976
3622 977
3623 978
3624 979
3625 980
3626 981
3627 982
3628 983
3629 984
3630 985
3631 986
3632 987
3633 834
3634 988
3635 989
3636 990
3637 991
3638 992
3639 993
3640 865
3641 994
3642 995
3643 996
3644 997
3645 832
3646 998
3647 999
3648 1000
3649 1001
3650 1002
3651 1003
3652 1004
3653 1005
3654 1006
3655 1007
3656 1003
3657 1008
3658 1009
3659 1010
3660 917
3661 1011
3662 1012
3663 1013
3664 1014
3665 1015
3666 1016
3667 1017
3668 1018
3669 1019
3670 1020
3671 1021
3672 1022
3673 1023
3674 917
3675 854
3676 1024
3677 832
3678 1025
3679 1026
3680 832
3681 1027
3682 979
3683 1028
3684 1029
3685 1030
3686 1031
3687 1032
3688 1033
3689 832
3690 871
3691 1034
3692 1035
3693 1036
3694 1037
3695 1038
3696 1039
3697 1040
3698 1041
3699 1042
3700 1043
3701 1044
3702 1045
3703 1046
3704 1047
3705 832
3706 1048
3707 1049
3708 1050
3709 1051
3710 1052
3711 1053
3712 1054
3713 1055
3714 1056
3715 1057
3716 1058
3717 1059
3718 832
3719 832
3720 1060
3721 832
3722 1061
3723 1062
3724 1063
3725 1064
3726 1065
3727 1066
3728 1067
3729 1068
3730 1069
3731 1070
3732 1071
3733 1072
3734 1073
3735 1074
3736 1075
3737 1076
3738 1077
3739 1078
3740 1079
3741 1080
3742 1081
3743 1082
3744 1083
3745 1084
3746 1085
3747 1086
3748 1087
3749 1088
3750 1089
3751 1090
3752 1091
3753 848
3754 1092
3755 1093
3756 1094
3757 1095
3758 883
3759 854
3760 1096
3761 1097
3762 1098
3763 1099
3764 1100
3765 1101
3766 832
3767 1102
3768 1103
3769 1104
3770 832
3771 832
3772 1105
3773 1106
3774 1107
3775 917
3776 1108
3777 832
3778 1109
3779 1105
3780 1110
3781 1111
3782 978
3783 1112
3784 1113
3785 1114
3786 978
3787 1115
3788 1116
3789 1117
3790 1118
3791 832
3792 1119
3793 1120
3794 1121
3795 1122
3796 1123
3797 1124
3798 1125
3799 854
3800 1126
3801 1127
3802 1128
3803 832
3804 1129
3805 1130
3806 1131
3807 1132
3808 1133
3809 1134
3810 883
3811 1135
3812 1136
3813 1137
3814 1138
3815 1139
3816 1140
3817 1141
3818 1142
3819 832
3820 1143
3821 1144
3822 1145
3823 832
3824 1146
3825 832
3826 1147
3827 1148
3828 1149
3829 1150
3830 1003
3831 1151
3832 865
3833 1152
3834 832
3835 1153
3836 854
3837 854
3838 1154
3839 1155
3840 1156
3841 1157
3842 1158
3843 832
3844 854
3845 1159
3846 1160
3847 1161
3848 1162
3849 1163
3850 1164
3851 1165
3852 1166
3853 1167
3854 1168
3855 1169
3856 1170
3857 1171
3858 1172
3859 1173
3860 865
3861 832
3862 1174
3863 1175
3864 1176
3865 1177
3866 1178
3867 1179
3868 1180
3869 1181
3870 1182
3871 1183
3872 1184
3873 1185
3874 1186
3875 1187
3876 1188
3877 1189
3878 1190
3879 1191
3880 1003
3881 1192
3882 1193
3883 1194
3884 1195
3885 1196
3886 1197
3887 1198
3888 1199
3889 1200
3890 1201
3891 1202
3892 1203
3893 854
3894 979
3895 832
3896 1204
3897 1205
3898 1206
3899 1207
3900 1208
3901 1209
3902 1210
3903 1211
3904 1212
3905 1213
3906 1214
3907 848
3908 1215
3909 1216
3910 1217
3911 1218
3912 932
3913 1219
3914 1220
3915 1221
3916 1222
3917 1223
3918 1224
3919 1225
3920 1226
3921 1227
3922 1228
3923 1229
3924 1230
3925 1231
3926 1232
3927 1233
3928 1234
3929 1235
3930 1236
3931 1237
3932 1238
3933 1239
3934 1240
3935 1241
3936 1242
3937 1243
3938 865
3939 979
3940 1244
3941 1245
3942 1246
3943 1247
3944 1248
3945 832
3946 1249
3947 978
3948 1250
3949 979
3950 1251
3951 1252
3952 1253
3953 1254
3954 1255
3955 1256
3956 1257
3957 1258
3958 1259
3959 1260
3960 1261
3961 1262
3962 834
3963 979
3964 1263
3965 1264
3966 1265
3967 1266
3968 1267
3969 1268
3970 1269
3971 1270
3972 1271
3973 1272
3974 1273
3975 1274
3976 1275
3977 1276
3978 1277
3979 917
3980 1278
3981 108
3982 1279
3983 1280
3984 1281
3985 1282
3986 1280
3987 1283
3988 1284
3989 1285
3990 1286
3991 108
3992 1280
3993 1282
3994 108
3995 1282
3996 108
3997 108
3998 108
3999 108
4000 1280
4001 1287
4002 108
4003 1282
4004 1282
4005 108
4006 1288
4007 1286
4008 108
4009 1285
4010 1289
4011 108
4012 1290
4013 1291
4014 1292
4015 1283
4016 1286
4017 1280
4018 108
4019 108
4020 108
4021 1284
4022 1293
4023 108
4024 1283
4025 1286
4026 1284
4027 108
4028 108
4029 1287
4030 1284
4031 108
4032 108
4033 1280
4034 108
4035 1294
4036 108
4037 1289
4038 1295
