0 1
1 1
2 21
3 21
4 21
5 25
6 25
7 14
8 14
9 14
10 9
11 14
12 14
13 26
14 4
15 17
16 34
17 1
18 1
19 14
20 9
21 9
22 9
23 11
24 11
25 11
26 11
27 11
28 11
29 11
30 11
31 11
32 11
33 11
34 11
35 11
36 11
37 11
38 11
39 11
40 11
41 5
42 34
43 14
44 14
45 17
46 17
47 10
48 10
49 36
50 37
51 5
52 7
53 4
54 22
55 22
56 21
57 21
58 21
59 21
60 7
61 7
62 36
63 21
64 25
65 4
66 8
67 15
68 15
69 15
70 37
71 37
72 9
73 1
74 1
75 10
76 10
77 3
78 3
79 3
80 29
81 15
82 36
83 36
84 37
85 1
86 36
87 34
88 20
89 20
90 8
91 15
92 9
93 4
94 5
95 4
96 20
97 16
98 16
99 16
100 16
101 16
102 38
103 7
104 7
105 34
106 38
107 36
108 8
109 27
110 8
111 8
112 8
113 10
114 10
115 13
116 13
117 6
118 26
119 10
120 1
121 36
122 0
123 13
124 16
125 16
126 22
127 6
128 5
129 4
130 0
131 28
132 28
133 4
134 2
135 13
136 13
137 21
138 21
139 17
140 17
141 14
142 36
143 8
144 40
145 35
146 15
147 23
148 0
149 0
150 7
151 10
152 37
153 27
154 35
155 35
156 0
157 0
158 19
159 19
160 36
161 14
162 37
163 24
164 17
165 13
166 36
167 4
168 4
169 13
170 13
171 10
172 4
173 38
174 32
175 32
176 4
177 1
178 0
179 0
180 0
181 7
182 7
183 4
184 15
185 16
186 40
187 15
188 15
189 15
190 15
191 0
192 21
193 21
194 21
195 21
196 5
197 4
198 4
199 4
200 4
201 4
202 4
203 4
204 5
205 5
206 4
207 4
208 22
209 19
210 19
211 22
212 34
213 14
214 0
215 1
216 17
217 37
218 1
219 1
220 1
221 1
222 1
223 1
224 1
225 1
226 1
227 1
228 1
229 10
230 23
231 0
232 4
233 19
234 19
235 19
236 19
237 19
238 19
239 19
240 19
241 19
242 19
243 19
244 19
245 10
246 14
247 14
248 1
249 14
250 7
251 13
252 20
253 31
254 40
255 6
256 4
257 0
258 8
259 9
260 9
261 10
262 0
263 10
264 14
265 14
266 14
267 14
268 39
269 17
270 4
271 28
272 17
273 17
274 17
275 4
276 4
277 0
278 0
279 23
280 4
281 21
282 36
283 36
284 0
285 22
286 21
287 15
288 37
289 0
290 4
291 4
292 4
293 14
294 4
295 7
296 7
297 1
298 15
299 15
300 38
301 26
302 20
303 20
304 20
305 21
306 9
307 1
308 1
309 1
310 1
311 1
312 1
313 1
314 1
315 1
316 1
317 1
318 10
319 19
320 7
321 7
322 17
323 16
324 14
325 9
326 9
327 9
328 8
329 8
330 13
331 39
332 14
333 10
334 17
335 17
336 13
337 13
338 13
339 13
340 2
341 1
342 0
343 0
344 0
345 0
346 0
347 0
348 0
349 0
350 0
351 0
352 0
353 16
354 16
355 27
356 8
357 8
358 14
359 14
360 14
361 10
362 14
363 35
364 37
365 14
366 36
367 10
368 7
369 20
370 10
371 16
372 36
373 36
374 14
375 8
376 7
377 7
378 7
379 7
380 7
381 7
382 7
383 7
384 7
385 7
386 7
387 7
388 7
389 7
390 7
391 7
392 7
393 7
394 7
395 7
396 7
397 7
398 7
399 4
400 9
401 4
402 0
403 4
404 16
405 38
406 14
407 14
408 21
409 26
410 27
411 28
412 21
413 4
414 1
415 1
416 9
417 10
418 15
419 4
420 26
421 14
422 35
423 10
424 34
425 4
426 4
427 12
428 17
429 17
430 14
431 37
432 37
433 37
434 34
435 6
436 13
437 13
438 13
439 13
440 4
441 14
442 10
443 10
444 10
445 3
446 17
447 17
448 17
449 1
450 4
451 14
452 14
453 6
454 27
455 22
456 21
457 4
458 4
459 1
460 34
461 17
462 30
463 30
464 4
465 23
466 14
467 15
468 1
469 22
470 12
471 31
472 6
473 15
474 15
475 8
476 15
477 8
478 8
479 1
480 15
481 22
482 2
483 3
484 4
485 10
486 4
487 14
488 14
489 25
490 6
491 6
492 40
493 4
494 36
495 23
496 14
497 3
498 14
499 14
500 14
501 14
502 14
503 14
504 14
505 14
506 14
507 31
508 15
509 15
510 14
511 0
512 23
513 35
514 8
515 4
516 1
517 1
518 35
519 23
520 21
521 2
522 4
523 4
524 9
525 14
526 4
527 10
528 25
529 14
530 14
531 3
532 21
533 35
534 4
535 9
536 15
537 6
538 9
539 3
540 15
541 23
542 4
543 4
544 4
545 11
546 35
547 10
548 6
549 15
550 15
551 15
552 22
553 2
554 2
555 14
556 4
557 3
558 14
559 27
560 31
561 34
562 4
563 4
564 19
565 14
566 14
567 4
568 4
569 14
570 14
571 21
572 4
573 14
574 4
575 0
576 4
577 27
578 27
579 17
580 3
581 15
582 2
583 4
584 4
585 21
586 21
587 11
588 23
589 11
590 23
591 17
592 5
593 36
594 15
595 23
596 23
597 2
598 19
599 4
600 36
601 14
602 1
603 22
604 1
605 21
606 34
607 14
608 13
609 6
610 4
611 37
612 6
613 24
614 35
615 6
616 17
617 16
618 6
619 4
620 0
621 21
622 4
623 26
624 21
625 4
626 15
627 7
628 1
629 20
630 19
631 7
632 21
633 21
634 21
635 19
636 38
637 19
638 16
639 23
640 6
641 37
642 25
643 1
644 22
645 6
646 14
647 1
648 26
649 8
650 37
651 4
652 0
653 17
654 6
655 14
656 16
657 15
658 4
659 32
660 14
661 15
662 0
663 23
664 29
665 14
666 23
667 14
668 17
669 26
670 15
671 29
672 0
673 0
674 0
675 22
676 21
677 6
678 16
679 4
680 4
681 15
682 0
683 36
684 4
685 23
686 1
687 1
688 22
689 14
690 14
691 30
692 4
693 10
694 4
695 4
696 14
697 16
698 16
699 15
700 0
701 15
702 4
703 15
704 29
705 24
706 21
707 7
708 14
709 11
710 11
711 9
712 13
713 10
714 31
715 4
716 22
717 14
718 23
719 9
720 1
721 17
722 27
723 28
724 22
725 14
726 20
727 7
728 23
729 1
730 6
731 15
732 23
733 4
734 20
735 5
736 36
737 10
738 14
739 21
740 39
741 10
742 41
743 31
744 17
745 7
746 21
747 34
748 1
749 14
750 2
751 18
752 16
753 27
754 16
755 38
756 38
757 21
758 1
759 5
760 9
761 15
762 15
763 15
764 0
765 6
766 23
767 28
768 11
769 23
770 34
771 24
772 4
773 4
774 4
775 24
776 23
777 17
778 10
779 17
780 1
781 15
782 15
783 4
784 4
785 21
786 14
787 14
788 20
789 28
790 22
791 26
792 3
793 32
794 4
795 0
796 21
797 13
798 4
799 15
800 17
801 5
802 24
803 4
804 14
805 0
806 9
807 21
808 14
809 38
810 4
811 14
812 31
813 21
814 14
815 6
816 4
817 4
818 6
819 17
820 0
821 4
822 7
823 16
824 4
825 4
826 21
827 1
828 10
829 3
830 21
831 4
832 0
833 1
834 7
835 17
836 15
837 14
838 0
839 9
840 32
841 13
842 5
843 2
844 21
845 28
846 21
847 22
848 22
849 7
850 7
851 33
852 0
853 1
854 15
855 4
856 31
857 30
858 15
859 11
860 19
861 21
862 9
863 21
864 13
865 21
866 9
867 32
868 9
869 32
870 38
871 9
872 38
873 38
874 14
875 9
876 10
877 38
878 10
879 22
880 21
881 13
882 21
883 4
884 0
885 1
886 1
887 23
888 0
889 5
890 4
891 4
892 15
893 14
894 14
895 13
896 11
897 1
898 5
899 5
900 10
901 23
902 21
903 14
904 9
905 20
906 10
907 19
908 19
909 21
910 17
911 19
912 19
913 36
914 17
915 35
916 16
917 4
918 16
919 4
920 6
921 4
922 41
923 6
924 7
925 23
926 9
927 23
928 7
929 6
930 22
931 36
932 14
933 15
934 11
935 35
936 5
937 14
938 14
939 15
940 4
941 6
942 4
943 9
944 19
945 11
946 4
947 29
948 14
949 15
950 15
951 5
952 32
953 15
954 14
955 5
956 9
957 10
958 19
959 13
960 23
961 12
962 10
963 21
964 10
965 35
966 7
967 22
968 22
969 22
970 8
971 21
972 32
973 4
974 21
975 21
976 6
977 14
978 11
979 14
980 15
981 4
982 21
983 1
984 6
985 22
