0 0
1 1
2 0
3 2
4 3
5 1
6 4
7 5
8 6
9 7
10 8
11 9
12 10
13 11
14 12
15 13
16 14
17 15
18 16
19 17
20 13
21 18
22 4
23 12
24 19
25 20
26 21
27 22
28 19
29 19
30 23
31 24
32 25
33 20
34 7
35 26
36 23
37 17
38 4
39 6
40 13
41 11
42 12
43 18
44 17
45 15
46 27
47 28
48 21
49 27
50 29
51 10
52 30
53 6
54 23
55 4
56 6
57 21
58 31
59 21
60 32
61 13
62 12
63 32
64 10
65 3
66 24
67 22
68 21
69 17
70 8
71 29
72 7
73 23
74 13
75 16
76 7
77 33
78 34
79 35
80 36
81 37
82 10
83 23
84 20
85 38
86 18
87 9
88 39
89 33
90 38
91 12
92 40
93 40
94 13
95 38
96 39
97 12
98 3
99 9
100 41
101 40
102 42
103 7
104 12
105 16
106 43
107 44
108 45
109 6
110 23
111 34
112 46
113 44
114 42
115 43
116 5
117 47
118 34
119 14
120 11
121 25
122 29
123 38
124 48
125 3
126 49
127 4
128 35
129 15
130 32
131 27
132 47
133 13
134 28
135 7
136 13
137 31
138 49
139 42
140 10
141 50
142 22
143 14
144 34
145 13
146 18
147 27
148 31
149 48
150 36
151 12
152 43
153 0
154 24
155 7
156 10
157 42
158 26
159 2
160 27
161 22
162 22
163 51
164 30
165 31
166 49
167 13
168 47
169 12
170 49
171 32
172 29
173 26
174 36
175 48
176 40
177 12
178 6
179 28
180 48
181 9
182 12
183 21
184 13
185 44
186 47
187 50
188 27
189 29
190 8
191 0
192 49
193 21
194 2
195 2
196 28
197 37
198 5
199 36
200 41
201 24
202 47
203 28
204 36
205 2
206 45
207 20
208 13
209 11
210 36
211 12
212 9
213 13
214 27
215 6
216 5
217 7
218 5
219 42
220 9
221 52
222 21
223 2
224 21
225 16
226 27
227 40
228 9
229 28
230 41
231 20
232 5
233 51
234 40
235 12
236 44
237 5
238 2
239 27
240 11
241 39
242 52
243 16
244 27
245 44
246 42
247 44
248 31
249 10
250 20
251 12
252 12
253 21
254 4
255 21
256 36
257 45
258 21
259 33
260 34
261 21
262 49
263 14
264 23
265 21
266 17
267 30
268 13
269 21
270 4
271 20
272 47
273 7
274 12
275 4
276 10
277 12
278 19
279 27
280 52
281 41
282 23
283 34
284 16
285 3
286 24
287 52
288 40
289 4
290 2
291 29
292 23
293 41
294 23
295 3
296 26
297 24
298 30
299 9
300 48
301 24
302 19
303 20
304 11
305 32
306 30
307 3
308 21
309 21
310 19
311 9
312 36
313 20
314 40
315 18
316 2
317 14
318 28
319 4
320 47
321 3
322 37
323 51
324 47
325 21
326 34
327 20
328 14
329 8
330 4
331 14
332 14
333 19
334 27
335 41
336 3
337 48
338 41
339 5
340 21
341 38
342 2
343 4
344 14
345 43
346 36
347 53
348 3
349 30
350 19
351 41
352 14
353 3
354 50
355 3
356 3
357 24
358 2
359 6
360 21
361 34
362 20
363 6
364 21
365 21
366 6
367 6
368 13
369 3
370 49
371 27
372 39
373 20
374 6
375 44
376 6
377 43
378 38
379 43
380 47
381 3
382 6
383 6
384 9
385 1
386 44
387 44
388 5
389 4
390 32
391 47
392 30
393 41
394 37
395 5
396 49
397 37
398 14
399 40
400 0
401 47
402 28
403 44
404 6
405 27
406 14
407 19
408 3
409 4
410 33
411 20
412 14
413 14
414 51
415 3
416 2
417 40
418 40
419 3
420 49
421 15
422 9
423 9
424 9
425 18
426 47
427 51
428 6
429 52
430 20
431 27
432 6
433 47
434 4
435 47
436 52
437 20
438 25
439 31
440 14
441 23
442 41
443 25
444 26
445 14
446 8
447 40
448 48
449 46
450 6
451 40
452 11
453 20
454 40
455 4
456 14
457 3
458 49
459 47
460 32
461 40
462 40
463 27
464 46
465 49
466 41
467 5
468 12
469 38
470 9
471 46
472 9
473 9
474 19
475 5
476 36
477 14
478 40
479 4
480 54
481 12
482 9
483 31
484 11
485 0
486 27
487 27
488 42
489 6
490 31
491 43
492 3
493 4
494 36
495 47
496 38
497 51
498 23
499 42
500 47
501 4
502 3
503 16
504 10
505 22
506 6
507 47
508 36
509 16
510 4
511 0
512 47
513 42
514 2
515 24
516 20
517 6
518 14
519 51
520 38
521 18
522 38
523 6
524 40
525 44
526 20
527 47
528 38
529 13
530 42
531 47
532 32
533 27
534 36
535 36
536 27
537 36
538 3
539 10
540 49
541 34
542 42
543 32
544 16
545 14
546 27
547 45
548 34
549 6
550 14
551 14
552 13
553 34
554 3
555 27
556 6
557 19
558 14
559 40
560 36
561 4
562 44
563 11
564 9
565 4
566 42
567 32
568 49
569 40
570 34
571 51
572 51
573 32
574 11
575 27
576 47
577 36
578 27
579 14
580 29
581 14
582 13
583 7
584 13
585 13
586 48
587 48
588 40
589 44
590 48
591 2
592 39
593 40
594 30
595 40
596 2
597 27
598 20
599 17
600 34
601 12
602 28
603 26
604 48
605 3
606 6
607 26
608 49
609 28
610 38
611 2
612 48
613 28
614 47
615 40
616 7
617 43
618 7
619 48
620 7
621 44
622 27
623 23
624 47
625 2
626 38
627 47
628 34
629 14
630 46
631 23
632 47
633 38
634 14
635 28
636 7
637 40
638 13
639 47
640 38
641 24
642 47
643 4
644 20
645 3
646 24
647 2
648 6
649 5
650 20
651 14
652 13
653 48
654 38
655 36
656 24
657 47
658 46
659 2
660 42
661 26
662 49
663 49
664 6
665 31
666 6
667 36
668 27
669 14
670 21
671 24
672 2
673 31
674 45
675 14
676 36
677 13
678 31
679 49
680 14
681 44
682 36
683 10
684 27
685 21
686 14
687 38
688 20
689 14
690 54
691 26
692 34
693 47
694 42
695 38
696 9
697 23
698 23
699 28
700 25
701 8
702 27
703 38
704 28
705 41
706 53
707 47
708 13
709 14
710 14
711 22
712 44
713 54
714 52
715 28
716 23
717 8
718 12
719 14
720 26
721 14
722 34
723 49
724 47
725 41
726 38
727 23
728 20
729 28
730 47
731 34
732 41
733 23
734 46
735 21
736 14
737 34
738 29
739 5
740 47
741 52
742 5
743 42
744 41
745 34
746 2
747 17
748 38
749 41
750 49
751 4
752 0
753 23
754 40
755 41
756 22
757 40
758 30
759 4
760 49
761 46
762 21
763 51
764 40
765 40
766 7
767 23
768 16
769 17
770 44
771 17
772 34
773 5
774 21
775 7
776 36
777 44
778 46
779 13
780 24
781 27
782 4
783 12
784 31
785 15
786 12
787 32
788 4
789 27
790 47
791 36
792 14
793 6
794 52
795 14
796 7
797 40
798 13
799 27
800 20
801 24
802 7
803 53
804 7
805 7
806 7
807 18
808 14
809 47
810 47
811 27
812 36
813 14
814 52
815 34
816 27
817 13
818 36
819 52
820 34
821 17
822 4
823 23
824 32
825 24
826 2
827 30
828 14
829 40
830 24
831 44
832 7
833 12
834 24
835 21
836 7
837 3
838 36
839 52
840 44
841 27
842 13
843 7
844 13
845 13
846 34
847 34
848 27
849 13
850 47
851 33
852 14
853 47
854 27
855 28
856 42
857 34
858 23
859 14
860 7
861 34
862 23
863 6
864 27
865 21
866 27
867 47
868 50
869 23
870 36
871 7
872 23
873 21
874 2
875 44
876 6
877 40
878 7
879 33
880 36
881 40
882 40
883 6
884 40
885 47
886 4
887 24
888 7
889 27
890 47
891 13
892 6
893 40
894 19
895 27
896 27
897 24
898 36
899 13
900 34
901 27
902 24
903 12
904 40
905 45
906 4
907 4
908 30
909 2
910 34
911 40
912 11
913 36
914 24
915 23
916 14
917 34
918 27
919 34
920 26
921 3
922 31
923 13
924 27
925 51
926 14
927 31
928 14
929 21
930 24
931 12
932 27
933 24
934 44
935 47
936 53
937 47
938 20
939 24
940 23
941 27
942 47
943 7
944 44
945 34
946 13
947 19
948 46
949 48
950 3
951 23
952 23
953 7
954 14
955 12
956 34
957 9
958 44
959 9
960 24
961 4
962 34
963 52
964 7
965 13
966 27
967 13
968 47
969 34
970 44
971 7
972 40
973 48
974 47
975 36
976 11
977 12
978 45
979 44
980 44
981 13
982 40
983 23
984 7
985 7
986 7
987 40
988 14
989 30
990 7
991 33
992 13
993 44
994 4
995 38
996 24
997 39
998 35
999 9
1000 47
1001 36
1002 27
1003 9
1004 34
1005 16
1006 27
1007 40
1008 16
1009 14
1010 34
1011 7
1012 42
1013 40
1014 27
1015 21
1016 12
1017 47
1018 12
1019 44
1020 47
1021 24
1022 40
1023 40
1024 1
1025 47
1026 39
1027 17
1028 12
1029 14
1030 6
1031 13
1032 44
1033 6
1034 9
1035 24
1036 20
1037 47
1038 24
1039 36
1040 47
1041 14
1042 24
1043 27
1044 27
1045 47
1046 40
1047 24
1048 24
1049 36
1050 37
1051 40
1052 12
1053 47
1054 7
1055 23
1056 27
1057 34
1058 51
1059 34
1060 47
1061 28
1062 11
1063 7
1064 23
1065 23
1066 28
1067 6
1068 14
1069 37
1070 7
1071 47
1072 40
1073 23
1074 14
1075 34
1076 23
1077 44
1078 27
1079 9
1080 10
1081 31
1082 24
1083 14
1084 20
1085 13
1086 27
1087 23
1088 34
1089 47
1090 34
1091 23
1092 34
1093 36
1094 12
1095 16
1096 3
1097 20
1098 5
1099 4
1100 4
1101 9
1102 12
1103 42
1104 4
1105 9
1106 9
1107 14
1108 4
1109 46
1110 27
1111 24
1112 14
1113 16
1114 23
1115 47
1116 14
1117 7
1118 34
1119 4
1120 45
1121 7
1122 33
1123 53
1124 14
1125 27
1126 20
1127 32
1128 24
1129 9
1130 2
1131 47
1132 40
1133 40
1134 2
1135 0
1136 48
1137 13
1138 53
1139 8
1140 27
1141 34
1142 2
1143 47
1144 4
1145 12
1146 32
1147 15
1148 38
1149 23
1150 28
1151 34
1152 12
1153 23
1154 36
1155 3
1156 49
1157 13
1158 27
1159 48
1160 38
1161 33
1162 27
1163 50
1164 42
1165 20
1166 44
1167 2
1168 13
1169 13
1170 42
1171 27
1172 20
1173 34
1174 44
1175 48
1176 34
1177 20
1178 2
1179 48
1180 14
1181 51
1182 40
1183 47
1184 14
1185 23
1186 34
1187 20
1188 44
1189 24
1190 23
1191 24
1192 40
1193 34
1194 20
1195 27
1196 41
1197 37
1198 34
1199 21
1200 37
1201 47
1202 39
1203 38
1204 47
1205 23
1206 42
1207 47
1208 19
1209 21
1210 54
1211 7
1212 25
1213 48
1214 24
1215 12
1216 27
1217 12
1218 27
1219 47
1220 34
1221 14
1222 27
1223 21
1224 52
1225 5
1226 24
1227 20
1228 50
1229 9
1230 41
1231 19
1232 52
1233 47
1234 14
1235 24
1236 20
1237 5
1238 0
1239 2
1240 34
1241 47
1242 20
1243 27
1244 52
1245 23
1246 31
1247 6
1248 27
1249 52
1250 34
1251 2
1252 27
1253 20
1254 34
1255 21
1256 14
1257 34
1258 53
1259 9
1260 16
1261 9
1262 17
1263 13
1264 23
1265 36
1266 5
1267 27
1268 47
1269 20
1270 21
1271 47
1272 9
1273 27
1274 14
1275 14
1276 34
1277 30
1278 10
1279 21
1280 41
1281 14
1282 34
1283 13
1284 18
1285 5
1286 5
1287 14
1288 47
1289 47
1290 48
1291 20
1292 23
1293 20
1294 27
1295 17
1296 44
1297 23
1298 36
1299 27
1300 41
1301 20
1302 27
1303 23
1304 34
1305 41
1306 19
1307 3
1308 2
1309 33
1310 18
1311 23
1312 20
1313 27
1314 19
1315 34
1316 9
1317 26
1318 24
1319 18
1320 5
1321 3
1322 28
1323 9
1324 23
1325 27
1326 34
1327 14
1328 21
1329 23
1330 27
1331 4
1332 27
1333 34
1334 20
1335 29
1336 14
1337 44
1338 3
1339 29
1340 49
1341 20
1342 27
1343 24
1344 26
1345 21
1346 39
1347 9
1348 27
1349 23
1350 30
1351 53
1352 23
1353 23
1354 36
1355 7
1356 51
1357 23
1358 23
1359 9
1360 30
1361 21
1362 25
1363 54
1364 34
1365 28
1366 27
1367 14
1368 3
1369 4
1370 41
1371 41
1372 9
1373 11
1374 5
1375 47
1376 48
1377 9
1378 48
1379 34
1380 11
1381 14
1382 47
1383 5
1384 39
1385 3
1386 9
1387 30
1388 14
1389 20
1390 30
1391 23
1392 31
1393 28
1394 14
1395 5
1396 30
1397 52
1398 50
1399 45
1400 20
1401 21
1402 47
1403 6
1404 8
1405 12
1406 19
1407 53
1408 13
1409 0
1410 50
1411 23
1412 9
1413 31
1414 28
1415 34
1416 23
1417 6
1418 30
1419 38
1420 14
1421 5
1422 44
1423 3
1424 23
1425 47
1426 41
1427 28
1428 21
1429 5
1430 27
1431 3
1432 20
1433 23
1434 34
1435 44
1436 49
1437 23
1438 23
1439 7
1440 3
1441 27
1442 40
1443 27
1444 34
1445 14
1446 3
1447 23
1448 29
1449 34
1450 47
1451 35
1452 34
1453 6
1454 18
1455 6
1456 14
1457 15
1458 7
1459 14
1460 13
1461 40
1462 4
1463 27
1464 40
1465 27
1466 47
1467 34
1468 51
1469 9
1470 27
1471 27
1472 34
1473 47
1474 9
1475 34
1476 23
1477 14
1478 21
1479 34
1480 40
1481 14
1482 34
1483 27
1484 23
1485 34
1486 7
1487 49
1488 23
1489 4
1490 47
1491 43
1492 34
1493 50
1494 27
1495 41
1496 52
1497 23
1498 36
1499 47
1500 23
1501 52
1502 23
1503 20
1504 11
1505 30
1506 20
1507 3
1508 40
1509 45
1510 49
1511 8
1512 43
1513 34
1514 34
1515 14
1516 50
1517 36
1518 23
1519 17
1520 11
1521 2
1522 38
1523 23
1524 3
1525 37
1526 3
1527 5
1528 9
1529 38
1530 40
1531 15
1532 14
1533 15
1534 27
1535 20
1536 36
1537 41
1538 4
1539 53
1540 30
1541 40
1542 47
1543 15
1544 52
1545 47
1546 42
1547 13
1548 6
1549 42
1550 44
1551 36
1552 17
1553 38
1554 31
1555 14
1556 42
1557 27
1558 46
1559 23
1560 21
1561 4
1562 43
1563 49
1564 9
1565 13
1566 42
1567 10
1568 27
1569 38
1570 3
1571 47
1572 28
1573 41
1574 47
1575 34
1576 34
1577 14
1578 4
1579 31
1580 44
1581 14
1582 36
1583 34
1584 14
1585 13
1586 54
1587 23
1588 50
1589 27
1590 42
1591 21
1592 4
1593 23
1594 7
1595 40
1596 47
1597 34
1598 54
1599 40
1600 7
1601 28
1602 6
1603 14
1604 44
1605 23
1606 28
1607 23
1608 7
1609 47
1610 48
1611 27
1612 42
1613 13
1614 34
1615 7
1616 28
1617 34
1618 16
1619 6
1620 34
1621 28
1622 34
1623 23
1624 44
1625 14
1626 23
1627 14
1628 9
1629 9
1630 45
1631 34
1632 30
1633 45
1634 34
1635 40
1636 34
1637 54
1638 27
1639 27
1640 46
1641 16
1642 14
1643 53
1644 13
1645 23
1646 13
1647 4
1648 23
1649 27
1650 23
1651 28
1652 34
1653 24
1654 38
1655 14
1656 14
1657 23
1658 38
1659 47
1660 14
1661 2
1662 40
1663 14
1664 27
1665 28
1666 47
1667 6
1668 2
1669 2
1670 27
1671 9
1672 6
1673 24
1674 41
1675 7
1676 4
1677 14
1678 44
1679 47
1680 23
1681 40
1682 14
1683 7
1684 49
1685 42
1686 0
1687 14
1688 47
1689 47
1690 20
1691 27
1692 34
1693 35
1694 7
1695 24
1696 34
1697 34
1698 27
1699 38
1700 50
1701 38
1702 14
1703 23
1704 44
1705 30
1706 14
1707 50
1708 47
1709 27
1710 32
1711 34
1712 18
1713 14
1714 31
1715 23
1716 47
1717 35
1718 34
1719 52
1720 9
1721 44
1722 31
1723 42
1724 23
1725 34
1726 27
1727 27
1728 14
1729 41
1730 52
1731 23
1732 14
1733 50
1734 23
1735 27
1736 8
1737 2
1738 18
1739 48
1740 12
1741 52
1742 33
1743 13
1744 23
1745 28
1746 0
1747 14
1748 47
1749 51
1750 7
1751 51
1752 47
1753 24
1754 40
1755 52
1756 38
1757 34
1758 14
1759 23
1760 0
1761 5
1762 48
1763 14
1764 11
1765 47
1766 49
1767 8
1768 21
1769 27
1770 36
1771 10
1772 14
1773 14
1774 34
1775 41
1776 23
1777 14
1778 9
1779 21
1780 24
1781 27
1782 47
1783 27
1784 45
1785 47
1786 37
1787 52
1788 36
1789 7
1790 48
1791 14
1792 34
1793 2
1794 5
1795 47
1796 27
1797 31
1798 23
1799 49
1800 20
1801 12
1802 40
1803 14
1804 27
1805 28
1806 40
1807 42
1808 7
1809 34
1810 15
1811 14
1812 4
1813 35
1814 48
1815 7
1816 27
1817 14
1818 12
1819 47
1820 14
1821 23
1822 30
1823 53
1824 14
1825 14
1826 23
1827 30
1828 29
1829 27
1830 40
1831 23
1832 13
1833 34
1834 34
1835 4
1836 27
1837 7
1838 27
1839 36
1840 23
1841 17
1842 3
1843 14
1844 42
1845 24
1846 52
1847 44
1848 13
1849 36
1850 27
1851 13
1852 36
1853 40
1854 40
1855 40
1856 34
1857 36
1858 24
1859 34
1860 40
1861 36
1862 44
1863 12
1864 11
1865 21
1866 23
1867 44
1868 27
1869 14
1870 40
1871 16
1872 27
1873 14
1874 14
1875 34
1876 23
1877 47
1878 14
1879 44
1880 41
1881 7
1882 6
1883 25
1884 4
1885 13
1886 44
1887 14
1888 27
1889 47
1890 6
1891 24
1892 2
1893 23
1894 40
1895 44
1896 42
1897 27
1898 12
1899 24
1900 40
1901 47
1902 21
1903 14
1904 3
1905 5
1906 12
1907 24
1908 27
1909 36
1910 31
1911 24
1912 34
1913 34
1914 40
1915 40
1916 40
1917 27
1918 0
1919 5
1920 14
1921 40
1922 5
1923 23
1924 47
1925 47
1926 24
1927 24
1928 40
1929 24
1930 24
1931 44
1932 7
1933 4
1934 13
1935 36
1936 36
1937 7
1938 12
1939 47
1940 40
1941 7
1942 12
1943 24
1944 34
1945 44
1946 27
1947 12
1948 7
1949 34
1950 7
1951 23
1952 12
1953 23
1954 23
1955 24
1956 24
1957 14
1958 3
1959 13
1960 23
1961 23
1962 13
1963 13
1964 24
1965 27
1966 34
1967 52
1968 44
1969 24
1970 23
1971 30
1972 29
1973 7
1974 36
1975 13
1976 24
1977 25
1978 4
1979 7
1980 52
1981 54
1982 44
1983 30
1984 9
1985 36
1986 44
1987 36
1988 34
1989 50
1990 27
1991 13
1992 23
1993 40
1994 44
1995 27
1996 52
1997 3
1998 14
1999 24
2000 36
2001 23
2002 9
2003 44
2004 34
2005 13
2006 44
2007 34
2008 11
2009 12
2010 11
2011 6
2012 0
2013 23
2014 7
2015 34
2016 23
2017 48
2018 34
2019 44
2020 7
2021 40
2022 40
2023 24
2024 7
2025 39
2026 40
2027 40
2028 36
2029 6
2030 13
2031 34
2032 7
2033 36
2034 34
2035 12
2036 23
2037 42
2038 8
2039 36
2040 36
2041 34
2042 33
2043 38
2044 23
2045 27
2046 12
2047 11
2048 3
2049 9
2050 20
2051 17
2052 38
2053 7
2054 0
2055 7
2056 23
2057 13
2058 9
2059 27
2060 6
2061 36
2062 47
2063 12
2064 21
2065 35
2066 13
2067 27
2068 9
2069 38
2070 36
2071 13
2072 7
2073 52
2074 7
2075 34
2076 3
2077 30
2078 38
2079 4
2080 12
2081 44
2082 9
2083 24
2084 42
2085 27
2086 26
2087 6
2088 38
2089 13
2090 12
2091 9
2092 12
2093 12
2094 4
2095 16
2096 21
2097 4
2098 13
2099 9
2100 9
2101 7
2102 14
2103 3
2104 27
2105 25
2106 9
2107 28
2108 40
2109 24
2110 3
2111 38
2112 20
2113 20
2114 9
2115 13
2116 28
2117 17
2118 12
2119 20
2120 27
2121 12
2122 42
2123 37
2124 38
2125 19
2126 27
2127 25
2128 20
2129 27
2130 32
2131 20
2132 39
2133 34
2134 13
2135 44
2136 7
2137 43
2138 21
2139 36
2140 24
2141 40
2142 3
2143 12
2144 25
2145 38
2146 13
2147 20
2148 5
2149 33
2150 43
2151 48
2152 40
2153 8
2154 40
2155 44
2156 3
2157 12
2158 6
2159 21
2160 20
2161 3
2162 14
2163 27
2164 45
2165 22
2166 12
2167 32
2168 2
2169 27
2170 27
2171 1
2172 24
2173 9
2174 47
2175 23
2176 29
2177 24
2178 27
2179 28
2180 18
2181 47
2182 40
2183 9
2184 9
2185 12
2186 6
2187 47
2188 28
2189 47
2190 12
2191 44
2192 27
2193 27
2194 2
2195 23
2196 30
2197 42
2198 7
2199 41
2200 47
2201 2
2202 27
2203 19
2204 9
2205 9
2206 19
2207 27
2208 41
2209 27
2210 17
2211 27
2212 20
2213 24
2214 28
2215 23
2216 26
2217 35
2218 6
2219 42
2220 14
2221 20
2222 47
2223 14
2224 13
2225 29
2226 2
2227 27
2228 48
2229 20
2230 20
2231 21
2232 47
2233 25
2234 44
2235 44
2236 21
2237 44
2238 19
2239 24
2240 48
2241 47
2242 24
2243 12
2244 2
2245 12
2246 47
2247 0
2248 24
2249 24
2250 27
2251 2
2252 13
2253 12
2254 27
2255 28
2256 9
2257 47
2258 41
2259 1
2260 1
2261 52
2262 27
2263 40
2264 42
2265 47
2266 39
2267 27
2268 39
2269 21
2270 7
2271 48
2272 42
2273 2
2274 36
2275 52
2276 36
2277 2
2278 20
2279 47
2280 29
2281 20
2282 2
2283 12
2284 2
2285 7
2286 41
2287 4
2288 24
2289 36
2290 2
2291 13
2292 48
2293 2
2294 23
2295 24
2296 2
2297 27
2298 44
2299 47
2300 25
2301 7
2302 51
2303 9
2304 27
2305 7
2306 16
2307 47
2308 21
2309 14
2310 13
2311 15
2312 12
2313 37
2314 54
2315 38
2316 14
2317 28
2318 30
2319 24
2320 27
2321 41
2322 41
2323 2
2324 4
2325 36
2326 8
2327 7
2328 47
2329 24
2330 36
2331 41
2332 3
2333 14
2334 24
2335 4
2336 44
2337 11
2338 52
2339 47
2340 12
2341 27
2342 14
2343 14
2344 47
2345 37
2346 32
2347 47
2348 5
2349 24
2350 20
2351 34
2352 27
2353 17
2354 47
2355 17
2356 21
2357 5
2358 20
2359 27
2360 27
2361 38
2362 4
2363 23
2364 20
2365 4
2366 27
2367 30
2368 3
2369 39
2370 25
2371 24
2372 14
2373 20
2374 47
2375 53
2376 31
2377 27
2378 2
2379 48
2380 47
2381 38
2382 27
2383 21
2384 48
2385 10
2386 27
2387 36
2388 27
2389 32
2390 12
2391 5
2392 27
2393 6
2394 14
2395 24
2396 16
2397 21
2398 27
2399 11
2400 23
2401 23
2402 52
2403 14
2404 21
2405 34
2406 7
2407 6
2408 27
2409 6
2410 0
2411 43
2412 35
2413 0
2414 5
2415 44
2416 15
2417 47
2418 27
2419 20
2420 9
2421 13
2422 17
2423 20
2424 34
2425 21
2426 21
2427 14
2428 42
2429 2
2430 36
2431 47
2432 50
2433 47
2434 37
2435 11
2436 21
2437 30
2438 30
2439 27
2440 53
2441 27
2442 13
2443 27
2444 27
2445 5
2446 49
2447 44
2448 47
2449 3
2450 53
2451 6
2452 5
2453 14
2454 21
2455 9
2456 4
2457 35
2458 40
2459 30
2460 50
2461 6
2462 21
2463 51
2464 50
2465 47
2466 24
2467 47
2468 5
2469 37
2470 14
2471 17
2472 30
2473 51
2474 2
2475 28
2476 27
2477 30
2478 26
2479 7
2480 6
2481 14
2482 27
2483 24
2484 40
2485 47
2486 37
2487 7
2488 12
2489 14
2490 21
2491 31
2492 51
2493 6
2494 47
2495 27
2496 31
2497 47
2498 2
2499 49
2500 52
2501 29
2502 14
2503 54
2504 1
2505 47
2506 47
2507 4
2508 38
2509 40
2510 44
2511 4
2512 38
2513 2
2514 49
2515 47
2516 45
2517 29
2518 47
2519 6
2520 25
2521 36
2522 44
2523 40
2524 2
2525 24
2526 48
2527 9
2528 31
2529 50
2530 17
2531 47
2532 24
2533 47
2534 36
2535 47
2536 14
2537 2
2538 27
2539 35
2540 23
2541 6
2542 36
2543 9
2544 10
2545 36
2546 38
2547 40
2548 24
2549 47
2550 40
2551 27
2552 36
2553 43
2554 1
2555 43
2556 36
2557 47
2558 39
2559 38
2560 0
2561 38
2562 27
2563 47
2564 9
2565 6
2566 34
2567 47
2568 19
2569 36
2570 31
2571 14
2572 21
2573 31
2574 15
2575 14
2576 14
2577 1
2578 16
2579 14
2580 27
2581 13
2582 27
2583 14
2584 1
2585 4
2586 36
2587 13
2588 47
2589 13
2590 36
2591 36
2592 36
2593 27
2594 34
2595 13
2596 18
2597 13
2598 40
2599 47
2600 34
2601 36
2602 42
2603 18
2604 37
2605 27
2606 43
2607 13
2608 47
2609 27
2610 34
2611 38
2612 26
2613 24
2614 27
2615 27
2616 32
2617 40
2618 47
2619 42
2620 34
2621 9
2622 6
2623 3
2624 17
2625 34
2626 28
2627 12
2628 9
2629 27
2630 28
2631 7
2632 8
2633 34
2634 13
2635 54
2636 14
2637 4
2638 27
2639 36
2640 14
2641 2
2642 48
2643 41
2644 18
2645 14
2646 14
2647 28
2648 44
2649 7
2650 27
2651 2
2652 2
2653 40
2654 45
2655 27
2656 48
2657 14
2658 42
2659 34
2660 14
2661 13
2662 23
2663 47
2664 14
2665 23
2666 50
2667 27
2668 42
2669 7
2670 47
2671 28
2672 9
2673 34
2674 27
2675 14
2676 13
2677 36
2678 47
2679 14
2680 23
2681 14
2682 22
2683 24
2684 34
2685 36
2686 14
2687 7
2688 30
2689 24
2690 34
2691 47
2692 47
2693 49
2694 16
2695 22
2696 7
2697 34
2698 14
2699 38
2700 34
2701 34
2702 27
2703 27
2704 24
2705 34
2706 50
2707 2
2708 23
2709 1
2710 0
2711 30
2712 36
2713 50
2714 24
2715 27
2716 49
2717 15
2718 34
2719 14
2720 27
2721 51
2722 34
2723 27
2724 53
2725 32
2726 23
2727 24
2728 2
2729 44
2730 19
2731 27
2732 2
2733 36
2734 14
2735 47
2736 47
2737 50
2738 15
2739 23
2740 27
2741 13
2742 42
2743 47
2744 34
2745 27
2746 47
2747 51
2748 23
2749 2
2750 47
2751 7
2752 21
2753 47
2754 41
2755 46
2756 27
2757 34
2758 14
2759 44
2760 11
2761 20
2762 7
2763 48
2764 34
2765 34
2766 23
2767 5
2768 7
2769 37
2770 34
2771 5
2772 44
2773 2
2774 47
2775 23
2776 34
2777 53
2778 38
2779 23
2780 41
2781 14
2782 37
2783 34
2784 20
2785 27
2786 36
2787 27
2788 20
2789 14
2790 34
2791 1
2792 34
2793 49
2794 27
2795 40
2796 27
2797 38
2798 34
2799 28
2800 23
2801 40
2802 14
2803 4
2804 40
2805 23
2806 43
2807 38
2808 27
2809 5
2810 23
2811 10
2812 23
2813 10
2814 36
2815 34
2816 23
2817 27
2818 14
2819 13
2820 33
2821 40
2822 14
2823 51
2824 2
2825 23
2826 14
2827 23
2828 7
2829 34
2830 4
2831 34
2832 47
2833 22
2834 31
2835 42
2836 34
2837 7
2838 7
2839 2
2840 14
2841 28
2842 47
2843 35
2844 34
2845 47
2846 40
2847 7
2848 14
2849 7
2850 40
2851 13
2852 23
2853 48
2854 28
2855 48
2856 23
2857 14
2858 17
2859 4
2860 27
2861 32
2862 47
2863 7
2864 12
2865 27
2866 36
2867 27
2868 27
2869 34
2870 27
2871 5
2872 40
2873 47
2874 5
2875 13
2876 47
2877 52
2878 7
2879 14
2880 7
2881 44
2882 7
2883 36
2884 4
2885 34
2886 2
2887 34
2888 13
2889 40
2890 40
2891 4
2892 23
2893 7
2894 14
2895 4
2896 4
2897 18
2898 44
2899 44
2900 34
2901 21
2902 23
2903 36
2904 14
2905 40
2906 36
2907 8
2908 27
2909 38
2910 7
2911 27
2912 27
2913 16
2914 34
2915 44
2916 24
2917 52
2918 7
2919 44
2920 34
2921 4
2922 48
2923 21
2924 14
2925 33
2926 4
2927 23
2928 53
2929 40
2930 20
2931 32
2932 27
2933 34
2934 23
2935 14
2936 40
2937 47
2938 44
2939 40
2940 12
2941 22
2942 49
2943 6
2944 41
2945 13
2946 40
2947 14
2948 3
2949 44
2950 3
2951 34
2952 14
2953 13
2954 24
2955 27
2956 47
2957 34
2958 18
2959 7
2960 22
2961 48
2962 21
2963 36
2964 2
2965 34
2966 12
2967 23
2968 47
2969 7
2970 34
2971 36
2972 47
2973 14
2974 36
2975 13
2976 47
2977 12
2978 27
2979 27
2980 40
2981 1
2982 13
2983 40
2984 37
2985 13
2986 29
2987 27
2988 13
2989 27
2990 7
2991 40
2992 7
2993 44
2994 27
2995 6
2996 7
2997 40
2998 44
2999 48
3000 47
3001 40
3002 14
3003 27
3004 14
3005 47
3006 49
3007 12
3008 24
3009 12
3010 31
3011 34
3012 9
3013 7
3014 9
3015 47
3016 12
3017 12
3018 9
3019 40
3020 14
3021 44
3022 7
3023 24
3024 9
3025 40
3026 36
3027 31
3028 23
3029 52
3030 12
3031 13
3032 24
3033 12
3034 44
3035 44
3036 7
3037 14
3038 9
3039 27
3040 36
3041 24
3042 24
3043 12
3044 44
3045 5
3046 14
3047 23
3048 23
3049 13
3050 44
3051 6
3052 14
3053 40
3054 7
3055 21
3056 36
3057 25
3058 27
3059 34
3060 13
3061 14
3062 38
3063 4
3064 27
3065 9
3066 23
3067 0
3068 12
3069 13
3070 27
3071 44
3072 44
3073 27
3074 14
3075 14
3076 13
3077 27
3078 12
3079 13
3080 24
3081 13
3082 44
3083 40
3084 7
3085 18
3086 9
3087 13
3088 27
3089 13
3090 9
3091 0
3092 47
3093 34
3094 42
3095 27
3096 6
3097 40
3098 13
3099 23
3100 3
3101 36
3102 24
3103 47
3104 12
3105 11
3106 37
3107 34
3108 14
3109 34
3110 24
3111 44
3112 36
3113 47
3114 9
3115 15
3116 3
3117 4
3118 34
3119 9
3120 13
3121 16
3122 27
3123 23
3124 24
3125 34
3126 9
3127 4
3128 7
3129 34
3130 14
3131 27
3132 26
3133 34
3134 23
3135 6
3136 32
3137 23
3138 14
3139 14
3140 14
3141 28
3142 36
3143 23
3144 42
3145 12
3146 42
3147 23
3148 44
3149 14
3150 23
3151 8
3152 20
3153 40
3154 20
3155 34
3156 34
3157 47
3158 27
3159 29
3160 47
3161 14
3162 23
3163 23
3164 23
3165 36
3166 20
3167 14
3168 12
3169 2
3170 6
3171 34
3172 34
3173 34
3174 34
3175 47
3176 50
3177 30
3178 0
3179 23
3180 15
3181 27
3182 14
3183 9
3184 36
3185 34
3186 7
3187 47
3188 34
3189 14
3190 14
3191 48
3192 7
3193 44
3194 27
3195 48
3196 24
3197 45
3198 31
3199 20
3200 23
3201 2
3202 49
3203 9
3204 20
3205 34
3206 27
3207 40
3208 7
3209 15
3210 23
3211 47
3212 9
3213 14
3214 34
3215 14
3216 41
3217 14
3218 34
3219 42
3220 24
3221 12
3222 27
3223 23
3224 12
3225 9
3226 12
3227 10
3228 19
3229 27
3230 27
3231 12
3232 9
3233 19
3234 7
3235 47
3236 34
3237 47
3238 7
3239 22
3240 34
3241 27
3242 47
3243 23
3244 41
3245 36
3246 29
3247 9
3248 34
3249 21
3250 47
3251 8
3252 31
3253 23
3254 20
3255 24
3256 34
3257 9
3258 12
3259 34
3260 41
3261 34
3262 14
3263 38
3264 41
3265 20
3266 23
3267 34
3268 23
3269 8
3270 23
3271 27
3272 19
3273 20
3274 47
3275 34
3276 23
3277 23
3278 47
3279 27
3280 38
3281 27
3282 14
3283 13
3284 7
3285 43
3286 42
3287 23
3288 34
3289 0
3290 23
3291 23
3292 21
3293 21
3294 36
3295 21
3296 52
3297 23
3298 34
3299 5
3300 31
3301 5
3302 21
3303 33
3304 9
3305 27
3306 24
3307 31
3308 14
3309 40
3310 27
3311 28
3312 14
3313 34
3314 33
3315 24
3316 27
3317 20
3318 9
3319 23
3320 27
3321 49
3322 34
3323 30
3324 42
3325 41
3326 31
3327 14
3328 27
3329 14
3330 14
3331 34
3332 28
3333 42
3334 34
3335 34
3336 9
3337 34
3338 23
3339 12
3340 36
3341 47
3342 31
3343 41
3344 27
3345 17
3346 14
3347 14
3348 4
3349 3
3350 34
3351 9
3352 12
3353 34
3354 20
3355 9
3356 23
3357 45
3358 45
3359 11
3360 23
3361 49
3362 27
3363 41
3364 53
3365 27
3366 47
3367 23
3368 27
3369 44
3370 23
3371 48
3372 47
3373 36
3374 24
3375 24
3376 2
3377 27
3378 20
3379 23
3380 30
3381 10
3382 12
3383 13
3384 27
3385 21
3386 34
3387 3
3388 44
3389 12
3390 23
3391 47
3392 9
3393 14
3394 15
3395 23
3396 47
3397 41
3398 47
3399 24
3400 27
3401 23
3402 14
3403 47
3404 9
3405 24
3406 11
3407 34
3408 32
3409 47
3410 4
3411 27
3412 3
3413 33
3414 34
3415 47
3416 3
3417 41
3418 9
3419 34
3420 47
3421 23
3422 38
3423 44
3424 3
3425 34
3426 23
3427 27
3428 12
3429 47
3430 34
3431 31
3432 24
3433 21
3434 47
3435 47
3436 23
3437 43
3438 52
3439 23
3440 47
3441 17
3442 30
3443 27
3444 28
3445 11
3446 5
3447 6
3448 53
3449 45
3450 14
3451 3
3452 44
3453 6
3454 20
3455 27
3456 5
3457 29
3458 47
3459 50
3460 22
3461 47
3462 23
3463 23
3464 4
3465 12
3466 34
3467 20
3468 5
3469 47
3470 49
3471 1
3472 47
3473 6
3474 35
3475 30
3476 23
3477 16
3478 27
3479 23
3480 14
3481 27
3482 31
3483 23
3484 14
3485 20
3486 15
3487 3
3488 41
3489 48
3490 4
3491 30
3492 9
3493 46
3494 37
3495 46
3496 4
3497 14
3498 5
3499 47
3500 23
3501 27
3502 3
3503 34
3504 27
3505 34
3506 34
3507 14
3508 27
3509 20
3510 30
3511 34
3512 34
3513 41
3514 49
3515 40
3516 41
3517 34
3518 28
3519 30
3520 30
3521 9
3522 16
3523 35
3524 5
3525 27
3526 27
3527 22
3528 40
3529 40
3530 20
3531 23
3532 34
3533 50
3534 34
3535 18
3536 31
3537 14
3538 21
3539 34
3540 27
3541 16
3542 21
3543 30
3544 23
3545 11
3546 40
3547 28
3548 27
3549 30
3550 47
3551 14
3552 34
3553 36
3554 37
3555 34
3556 3
3557 7
3558 3
3559 23
3560 30
3561 4
3562 23
3563 20
3564 20
3565 27
3566 15
3567 47
3568 2
3569 34
3570 35
3571 27
3572 51
3573 27
3574 27
3575 10
3576 27
3577 42
3578 42
3579 32
3580 40
3581 3
3582 47
3583 20
3584 45
3585 41
3586 14
3587 3
3588 5
3589 47
3590 27
3591 47
3592 3
3593 34
3594 47
3595 27
3596 21
3597 20
3598 44
3599 14
3600 3
3601 34
3602 23
3603 47
3604 21
3605 13
3606 44
3607 47
3608 14
3609 41
3610 27
3611 13
3612 47
3613 2
3614 32
3615 47
3616 20
3617 47
3618 23
3619 34
3620 38
3621 36
3622 12
3623 27
3624 14
3625 34
3626 37
3627 34
3628 35
3629 34
3630 27
3631 11
3632 38
3633 32
3634 27
3635 47
3636 28
3637 47
3638 27
3639 27
3640 13
3641 29
3642 27
3643 34
3644 21
3645 27
3646 46
3647 13
3648 14
3649 14
3650 40
3651 34
3652 18
3653 47
3654 44
3655 10
3656 34
3657 47
3658 34
3659 23
3660 47
3661 20
3662 44
3663 27
3664 23
3665 42
3666 44
3667 23
3668 9
3669 10
3670 27
3671 14
3672 47
3673 23
3674 2
3675 27
3676 36
3677 47
3678 47
3679 14
3680 14
3681 40
3682 27
3683 2
3684 12
3685 14
3686 34
3687 27
3688 23
3689 13
3690 32
3691 34
3692 14
3693 24
3694 23
3695 48
3696 50
3697 42
3698 27
3699 23
3700 23
3701 47
3702 7
3703 49
3704 40
3705 34
3706 20
3707 24
3708 2
3709 48
3710 1
3711 37
3712 44
3713 2
3714 9
3715 14
3716 23
3717 44
3718 36
3719 14
3720 23
3721 13
3722 34
3723 27
3724 14
3725 47
3726 27
3727 14
3728 18
3729 47
3730 27
3731 47
3732 27
3733 42
3734 27
3735 14
3736 34
3737 36
3738 34
3739 24
3740 2
3741 40
3742 7
3743 13
3744 44
3745 29
3746 3
3747 23
3748 6
3749 6
3750 23
3751 23
3752 27
3753 39
3754 42
3755 47
3756 3
3757 18
3758 23
3759 27
3760 44
3761 23
3762 47
3763 23
3764 14
3765 27
3766 34
3767 14
3768 21
3769 2
3770 21
3771 2
3772 47
3773 14
3774 45
3775 35
3776 12
3777 34
3778 27
3779 42
3780 47
3781 41
3782 51
3783 34
3784 14
3785 34
3786 8
3787 36
3788 47
3789 5
3790 2
3791 14
3792 27
3793 25
3794 38
3795 27
3796 12
3797 12
3798 14
3799 24
3800 5
3801 7
3802 42
3803 24
3804 23
3805 28
3806 2
3807 34
3808 2
3809 38
3810 36
3811 37
3812 2
3813 13
3814 23
3815 20
3816 12
3817 40
3818 51
3819 4
3820 28
3821 4
3822 38
3823 23
3824 23
3825 23
3826 12
3827 40
3828 4
3829 30
3830 40
3831 42
3832 34
3833 34
3834 47
3835 5
3836 34
3837 14
3838 2
3839 2
3840 23
3841 13
3842 27
3843 23
3844 28
3845 23
3846 5
3847 2
3848 23
3849 21
3850 4
3851 47
3852 27
3853 30
3854 23
3855 27
3856 7
3857 27
3858 21
3859 27
3860 24
3861 48
3862 40
3863 21
3864 17
3865 27
3866 23
3867 41
3868 7
3869 40
3870 40
3871 27
3872 11
3873 13
3874 14
3875 7
3876 14
3877 2
3878 21
3879 3
3880 13
3881 21
3882 27
3883 27
3884 49
3885 44
3886 38
3887 2
3888 5
3889 27
3890 27
3891 54
3892 29
3893 49
3894 36
3895 23
3896 24
3897 5
3898 43
3899 12
3900 13
3901 13
3902 48
3903 36
3904 17
3905 3
3906 14
3907 47
3908 7
3909 46
3910 24
3911 20
3912 34
3913 40
3914 36
3915 14
3916 44
3917 14
3918 36
3919 40
3920 23
3921 14
3922 14
3923 36
3924 23
3925 30
3926 23
3927 4
3928 23
3929 2
3930 12
3931 21
3932 44
3933 44
3934 6
3935 6
3936 4
3937 34
3938 36
3939 7
3940 23
3941 3
3942 7
3943 52
3944 3
3945 40
3946 13
3947 27
3948 21
3949 13
3950 36
3951 12
3952 36
3953 24
3954 27
3955 21
3956 7
3957 23
3958 23
3959 24
3960 23
3961 3
3962 53
3963 7
3964 52
3965 36
3966 23
3967 4
3968 6
3969 24
3970 52
3971 36
3972 36
3973 23
3974 34
3975 23
3976 14
3977 36
3978 7
3979 7
3980 7
3981 17
3982 7
3983 12
3984 44
3985 49
3986 47
3987 34
3988 27
3989 13
3990 21
3991 47
3992 24
3993 47
3994 40
3995 7
3996 21
3997 2
3998 44
3999 23
4000 34
4001 7
4002 45
4003 30
4004 13
4005 14
4006 51
4007 34
4008 44
4009 47
4010 28
4011 14
4012 23
4013 34
4014 14
4015 21
4016 34
4017 23
4018 27
4019 12
4020 6
4021 14
4022 34
4023 47
4024 51
4025 47
4026 49
4027 14
4028 23
4029 41
4030 9
4031 49
4032 14
4033 27
4034 6
4035 12
4036 13
4037 24
4038 36
4039 23
4040 7
4041 9
4042 14
4043 44
4044 25
4045 13
4046 40
4047 27
4048 24
4049 40
4050 47
4051 14
4052 7
4053 31
4054 38
4055 16
4056 40
4057 12
4058 23
4059 47
4060 7
4061 14
4062 24
4063 14
4064 38
4065 13
4066 13
4067 13
4068 31
4069 1
4070 40
4071 10
4072 44
4073 4
4074 27
4075 12
4076 9
4077 27
4078 12
4079 44
4080 34
4081 14
4082 47
4083 47
4084 20
4085 23
4086 34
4087 14
4088 22
4089 24
4090 20
4091 20
4092 31
4093 34
4094 53
4095 9
4096 13
4097 44
4098 27
4099 21
4100 44
4101 15
4102 1
4103 40
4104 46
4105 44
4106 27
4107 42
4108 24
4109 36
4110 36
4111 27
4112 4
4113 12
4114 16
4115 23
4116 24
4117 24
4118 16
4119 52
4120 21
4121 11
4122 6
4123 27
4124 23
4125 44
4126 9
4127 23
4128 0
4129 30
4130 13
4131 4
4132 13
4133 28
4134 28
4135 27
4136 27
4137 7
4138 52
4139 32
4140 24
4141 44
4142 41
4143 28
4144 13
4145 12
4146 21
4147 32
4148 4
4149 30
4150 4
4151 13
4152 43
4153 40
4154 21
4155 8
4156 36
4157 28
4158 27
4159 44
4160 44
4161 27
4162 27
4163 44
4164 40
4165 36
4166 6
4167 5
4168 27
4169 24
4170 42
4171 54
4172 27
4173 49
4174 42
4175 20
4176 24
4177 9
4178 6
4179 27
4180 28
4181 20
4182 42
4183 12
4184 45
4185 27
4186 40
4187 39
4188 24
4189 44
4190 44
4191 44
4192 27
4193 27
4194 20
4195 43
4196 27
4197 9
4198 20
4199 36
4200 27
4201 8
4202 38
4203 36
4204 11
4205 14
4206 8
4207 22
4208 24
4209 9
4210 17
4211 2
4212 3
4213 15
4214 12
4215 28
4216 9
4217 27
4218 7
4219 3
4220 27
4221 49
4222 32
4223 27
4224 32
4225 12
4226 4
4227 20
4228 28
4229 27
4230 36
4231 3
4232 28
4233 31
4234 23
4235 42
4236 8
4237 47
4238 24
4239 27
4240 9
4241 32
4242 42
4243 38
4244 27
4245 6
4246 47
4247 3
4248 28
4249 20
4250 2
4251 36
4252 42
4253 19
4254 48
4255 2
4256 27
4257 12
4258 41
4259 2
4260 12
4261 17
4262 36
4263 12
4264 53
4265 27
4266 35
4267 7
4268 44
4269 12
4270 24
4271 21
4272 9
4273 45
4274 2
4275 4
4276 49
4277 51
4278 24
4279 54
4280 2
4281 36
4282 47
4283 2
4284 7
4285 21
4286 37
4287 27
4288 20
4289 27
4290 47
4291 12
4292 34
4293 24
4294 15
4295 27
4296 2
4297 47
4298 42
4299 33
4300 23
4301 9
4302 20
4303 38
4304 3
4305 12
4306 5
4307 50
4308 2
4309 48
4310 44
4311 47
4312 12
4313 26
4314 36
4315 27
4316 38
4317 47
4318 12
4319 21
4320 42
4321 2
4322 2
4323 9
4324 41
4325 7
4326 28
4327 27
4328 28
4329 35
4330 27
4331 13
4332 38
4333 5
4334 27
4335 47
4336 42
4337 6
4338 4
4339 52
4340 5
4341 52
4342 27
4343 28
4344 13
4345 50
4346 37
4347 28
4348 4
4349 23
4350 30
4351 42
4352 15
4353 27
4354 4
4355 27
4356 20
4357 21
4358 4
4359 54
4360 28
4361 20
4362 4
4363 41
4364 21
4365 47
4366 14
4367 44
4368 27
4369 20
4370 47
4371 14
4372 10
4373 14
4374 21
4375 27
4376 15
4377 27
4378 9
4379 27
4380 11
4381 3
4382 20
4383 14
4384 41
4385 21
4386 4
4387 10
4388 53
4389 44
4390 33
4391 52
4392 52
4393 6
4394 14
4395 20
4396 14
4397 30
4398 27
4399 2
4400 52
4401 9
4402 20
4403 48
4404 14
4405 28
4406 27
4407 30
4408 29
4409 14
4410 23
4411 30
4412 39
4413 27
4414 10
4415 48
4416 53
4417 47
4418 14
4419 4
4420 27
4421 27
4422 30
4423 14
4424 53
4425 20
4426 28
4427 30
4428 52
4429 9
4430 21
4431 27
4432 39
4433 30
4434 10
4435 41
4436 27
4437 4
4438 24
4439 47
4440 21
4441 40
4442 3
4443 19
4444 9
4445 14
4446 28
4447 24
4448 6
4449 20
4450 27
4451 7
4452 38
4453 13
4454 53
4455 2
4456 14
4457 42
4458 7
4459 43
4460 12
4461 6
4462 25
4463 27
4464 27
4465 23
4466 4
4467 3
4468 52
4469 12
4470 24
4471 2
4472 17
4473 23
4474 27
4475 14
4476 37
4477 7
4478 17
4479 44
4480 44
4481 14
4482 48
4483 14
4484 14
4485 30
4486 47
4487 27
4488 53
4489 27
4490 27
4491 50
4492 0
4493 27
4494 48
4495 53
4496 32
4497 52
4498 31
4499 20
4500 52
4501 40
4502 7
4503 40
4504 14
4505 27
4506 12
4507 22
4508 2
4509 9
4510 5
4511 41
4512 6
4513 13
4514 24
4515 44
4516 24
4517 40
4518 22
4519 12
4520 27
4521 14
4522 20
4523 23
4524 12
4525 14
4526 23
4527 30
4528 13
4529 14
4530 39
4531 23
4532 39
4533 54
4534 21
4535 48
4536 27
4537 41
4538 5
4539 4
4540 0
4541 5
4542 14
4543 7
4544 27
4545 53
4546 6
4547 46
4548 47
4549 37
4550 27
4551 49
4552 40
4553 0
4554 28
4555 44
4556 3
4557 51
4558 14
4559 21
4560 41
4561 54
4562 47
4563 47
4564 8
4565 43
4566 11
4567 27
4568 40
4569 54
4570 49
4571 16
4572 27
4573 5
4574 27
4575 46
4576 14
4577 5
4578 20
4579 0
4580 52
4581 47
4582 9
4583 30
4584 11
4585 2
4586 36
4587 43
4588 47
4589 4
4590 47
4591 8
4592 42
4593 36
4594 14
4595 23
4596 7
4597 2
4598 30
4599 30
4600 44
4601 38
4602 50
4603 20
4604 2
4605 45
4606 2
4607 51
4608 10
4609 11
4610 49
4611 27
4612 27
4613 27
4614 52
4615 27
4616 14
4617 3
4618 34
4619 51
4620 21
4621 13
4622 49
4623 14
4624 27
4625 36
4626 13
4627 42
4628 48
4629 44
4630 13
4631 40
4632 15
4633 20
4634 10
4635 13
4636 44
4637 40
4638 14
4639 51
4640 27
4641 34
4642 26
4643 34
4644 38
4645 44
4646 42
4647 20
4648 27
4649 27
4650 27
4651 14
4652 34
4653 42
4654 45
4655 34
4656 40
4657 4
4658 34
4659 14
4660 11
4661 3
4662 10
4663 40
4664 52
4665 44
4666 7
4667 14
4668 34
4669 47
4670 44
4671 27
4672 14
4673 38
4674 11
4675 47
4676 40
4677 14
4678 47
4679 46
4680 39
4681 39
4682 27
4683 13
4684 35
4685 34
4686 32
4687 47
4688 47
4689 7
4690 27
4691 17
4692 27
4693 14
4694 14
4695 14
4696 12
4697 4
4698 48
4699 34
4700 34
4701 2
4702 34
4703 27
4704 27
4705 39
4706 27
4707 47
4708 2
4709 9
4710 28
4711 34
4712 14
4713 4
4714 23
4715 34
4716 27
4717 2
4718 14
4719 2
4720 14
4721 6
4722 44
4723 14
4724 41
4725 27
4726 27
4727 14
4728 47
4729 14
4730 23
4731 34
4732 20
4733 47
4734 14
4735 0
4736 14
4737 15
4738 14
4739 7
4740 27
4741 47
4742 14
4743 38
4744 14
4745 27
4746 42
4747 34
4748 14
4749 44
4750 42
4751 2
4752 28
4753 27
4754 48
4755 24
4756 48
4757 27
4758 2
4759 48
4760 47
4761 34
4762 34
4763 27
4764 23
4765 34
4766 7
4767 44
4768 51
4769 2
4770 27
4771 47
4772 2
4773 42
4774 48
4775 49
4776 23
4777 42
4778 36
4779 29
4780 14
4781 47
4782 34
4783 49
4784 47
4785 5
4786 42
4787 2
4788 27
4789 14
4790 14
4791 47
4792 14
4793 34
4794 48
4795 47
4796 14
4797 24
4798 47
4799 34
4800 21
4801 27
4802 42
4803 27
4804 47
4805 39
4806 27
4807 14
4808 21
4809 12
4810 52
4811 14
4812 21
4813 52
4814 36
4815 37
4816 52
4817 47
4818 12
4819 3
4820 23
4821 13
4822 47
4823 34
4824 31
4825 23
4826 34
4827 34
4828 24
4829 21
4830 44
4831 47
4832 5
4833 23
4834 40
4835 34
4836 21
4837 47
4838 11
4839 6
4840 52
4841 46
4842 14
4843 24
4844 34
4845 42
4846 1
4847 47
4848 16
4849 34
4850 44
4851 44
4852 34
4853 52
4854 16
4855 40
4856 23
4857 47
4858 41
4859 27
4860 47
4861 34
4862 14
4863 27
4864 13
4865 23
4866 41
4867 1
4868 23
4869 21
4870 23
4871 21
4872 18
4873 2
4874 23
4875 5
4876 7
4877 14
4878 7
4879 47
4880 7
4881 47
4882 43
4883 7
4884 7
4885 47
4886 47
4887 52
4888 49
4889 27
4890 23
4891 40
4892 47
4893 7
4894 4
4895 34
4896 40
4897 40
4898 53
4899 27
4900 48
4901 23
4902 34
4903 9
4904 40
4905 7
4906 34
4907 40
4908 40
4909 34
4910 34
4911 23
4912 34
4913 34
4914 23
4915 40
4916 14
4917 2
4918 4
4919 15
4920 23
4921 34
4922 23
4923 36
4924 7
4925 3
4926 30
4927 40
4928 35
4929 7
4930 7
4931 23
4932 13
4933 13
4934 7
4935 40
4936 27
4937 23
4938 23
4939 27
4940 7
4941 40
4942 24
4943 47
4944 24
4945 14
4946 21
4947 23
4948 24
4949 12
4950 24
4951 3
4952 44
4953 47
4954 34
4955 1
4956 36
4957 30
4958 44
4959 47
4960 46
4961 36
4962 24
4963 36
4964 40
4965 27
4966 27
4967 7
4968 47
4969 9
4970 3
4971 13
4972 13
4973 23
4974 36
4975 13
4976 53
4977 27
4978 36
4979 24
4980 7
4981 54
4982 27
4983 24
4984 3
4985 6
4986 10
4987 13
4988 21
4989 27
4990 27
4991 27
4992 30
4993 36
4994 13
4995 7
4996 24
4997 36
4998 23
4999 14
