0 0
1 0
2 1
3 2
4 0
5 3
6 4
7 5
8 4
9 6
10 7
11 8
12 2
13 8
14 2
15 4
16 7
17 0
18 9
19 0
20 7
21 3
22 8
23 3
24 3
25 3
26 8
27 5
28 1
29 5
30 10
31 0
32 0
33 6
34 6
35 10
36 7
37 8
38 5
39 6
40 4
41 11
42 3
43 11
44 11
45 2
46 5
47 8
48 6
49 2
50 6
51 8
52 2
53 10
54 7
55 8
56 4
57 10
58 6
59 7
60 11
61 10
62 4
63 5
64 8
65 5
66 4
67 12
68 8
69 10
70 10
71 8
72 7
73 12
74 10
75 8
76 12
77 7
78 6
79 5
80 10
81 5
82 7
83 12
84 6
85 10
86 10
87 10
88 2
89 12
90 9
91 8
92 10
93 3
94 7
95 5
96 0
97 2
98 5
99 8
100 5
101 12
102 6
103 1
104 12
105 5
106 1
107 11
108 1
109 7
110 5
111 5
112 7
113 12
114 9
115 8
116 7
117 3
118 13
119 8
120 5
121 12
122 5
123 2
124 8
125 12
126 8
127 11
128 8
129 7
130 5
131 10
132 10
133 5
134 5
135 2
136 8
137 13
138 7
139 2
140 13
141 7
142 8
143 7
144 5
145 8
146 8
147 8
148 1
149 13
150 7
151 12
152 12
153 8
154 12
155 10
156 5
157 7
158 5
159 7
160 5
161 8
162 5
163 7
164 12
165 13
166 8
167 8
168 8
169 9
170 5
171 7
172 7
173 5
174 5
175 4
176 12
177 8
178 3
179 5
180 5
181 0
182 7
183 12
184 7
185 0
186 12
187 12
188 5
189 8
190 12
191 13
192 13
193 1
194 0
195 5
196 0
197 9
198 9
199 0
200 12
201 12
202 0
203 8
204 11
205 9
206 13
207 7
208 5
209 9
210 12
211 5
212 12
213 0
214 5
215 10
216 1
217 12
218 8
219 8
220 9
221 5
222 5
223 2
224 1
225 5
226 12
227 0
228 12
229 1
230 8
231 2
232 8
233 7
234 3
235 12
236 1
237 8
238 5
239 7
240 1
241 8
242 7
243 7
244 5
245 5
246 7
247 12
248 2
249 4
250 2
251 0
252 5
253 8
254 5
255 5
256 2
257 2
258 3
259 2
260 5
261 0
262 5
263 12
264 10
265 2
266 12
267 5
268 13
269 7
270 1
271 5
272 0
273 7
274 4
275 5
276 8
277 4
278 0
279 6
280 0
281 2
282 2
283 5
284 2
285 12
286 6
287 4
288 5
289 2
290 2
291 2
292 7
293 5
294 12
295 8
296 3
297 6
298 0
299 2
300 5
301 4
302 5
303 4
304 6
305 8
306 6
307 5
308 2
309 11
310 2
311 2
312 12
313 4
314 4
315 4
316 7
317 4
318 8
319 6
320 5
321 5
322 5
323 5
324 2
325 5
326 2
327 2
328 5
329 5
330 4
331 5
332 4
333 2
334 5
335 5
336 11
337 2
338 5
339 13
340 5
341 1
342 11
343 4
344 3
345 5
346 12
347 10
348 4
349 10
350 2
351 10
352 5
353 10
354 7
355 6
356 5
357 3
358 5
359 5
360 9
361 4
362 5
363 1
364 4
365 2
366 4
367 5
368 5
369 12
370 5
371 5
372 5
373 6
374 5
375 2
376 12
377 8
378 2
379 10
380 2
381 10
382 12
383 13
384 9
385 10
386 5
387 12
388 5
389 10
390 2
391 4
392 10
393 2
394 2
395 4
396 2
397 5
398 2
399 1
400 10
401 2
402 12
403 5
404 5
405 4
406 4
407 4
408 4
409 2
410 4
411 6
412 4
413 4
414 4
415 2
416 10
417 2
418 2
419 10
420 2
421 4
422 11
423 4
424 5
425 10
426 10
427 5
428 9
429 2
430 13
431 4
432 2
433 10
434 1
435 2
436 2
437 5
438 4
439 10
440 5
441 13
442 0
443 8
444 4
445 5
446 2
447 4
448 10
449 2
450 5
451 4
452 5
453 13
454 4
455 2
456 10
457 13
458 2
459 13
460 11
461 10
462 1
463 5
464 5
465 4
466 11
467 13
468 13
469 7
470 4
471 10
472 10
473 7
474 10
475 13
476 9
477 4
478 4
479 2
480 2
481 9
482 2
483 9
484 5
485 1
486 0
487 10
488 9
489 2
490 5
491 4
492 1
493 12
494 10
495 0
496 2
497 0
498 0
499 5
500 5
501 1
502 4
503 1
504 2
505 1
506 9
507 4
508 12
509 4
510 10
511 8
512 0
513 5
514 6
515 5
516 5
517 10
518 4
519 7
520 2
521 4
522 2
523 8
524 10
525 1
526 8
527 7
528 10
529 1
530 4
531 5
532 0
533 5
534 4
535 7
536 4
537 3
538 5
539 5
540 5
541 8
542 10
543 9
544 3
545 6
546 5
547 10
548 5
549 4
550 5
551 4
552 6
553 4
554 4
555 8
556 13
557 6
558 7
559 5
560 13
561 5
562 10
563 8
564 5
565 0
566 6
567 10
568 4
569 5
570 7
571 2
572 5
573 1
574 5
575 5
576 12
577 6
578 7
579 12
580 12
581 11
582 7
583 10
584 8
585 12
586 2
587 5
588 13
589 4
590 4
591 10
592 9
593 5
594 8
595 9
596 2
597 9
598 5
599 7
600 10
601 5
602 9
603 12
604 7
605 8
606 12
607 0
608 5
609 9
610 5
611 12
612 7
613 7
614 12
615 4
616 8
617 9
618 8
619 6
620 10
621 2
622 2
623 3
624 5
625 13
626 5
627 8
628 9
629 1
630 5
631 5
632 5
633 3
634 13
635 8
636 5
637 8
638 8
639 13
640 12
641 12
642 8
643 5
644 13
645 12
646 7
647 7
648 7
649 2
650 7
651 5
652 7
653 10
654 11
655 9
656 5
657 13
658 12
659 5
660 1
661 10
662 8
663 3
664 4
665 8
666 5
667 8
668 5
669 10
670 8
671 5
672 12
673 8
674 13
675 5
676 12
677 8
678 7
679 7
680 12
681 4
682 11
683 13
684 1
685 5
686 5
687 11
688 10
689 0
690 5
691 10
692 11
693 4
694 1
695 0
696 7
697 11
698 5
699 6
700 13
701 10
702 0
703 6
704 5
705 0
706 5
707 5
708 12
709 5
710 9
711 8
712 9
713 10
714 4
715 5
716 9
717 1
718 5
719 1
720 8
721 2
722 2
723 0
724 0
725 8
726 7
727 5
728 9
729 9
730 12
731 2
732 12
733 7
734 13
735 12
736 0
737 2
738 12
739 12
740 2
741 5
742 1
743 7
744 2
745 9
746 0
747 12
748 3
749 3
750 5
751 13
752 2
753 2
754 2
755 5
756 5
757 1
758 1
759 12
760 13
761 2
762 2
763 2
764 5
765 6
766 6
767 8
768 2
769 7
770 5
771 5
772 12
773 6
774 2
775 5
776 9
777 5
778 13
779 5
780 0
781 5
782 2
783 5
784 2
785 8
786 2
787 5
788 3
789 4
790 0
791 4
792 5
793 2
794 5
795 2
796 2
797 5
798 1
799 6
800 7
801 12
802 4
803 4
804 2
805 2
806 1
807 2
808 4
809 4
810 11
811 12
812 5
813 2
814 0
815 4
816 5
817 11
818 4
819 6
820 5
821 11
822 5
823 0
824 4
825 5
826 12
827 5
828 4
829 4
830 4
831 8
832 7
833 5
834 7
835 2
836 7
837 7
838 6
839 2
840 2
841 6
842 11
843 2
844 4
845 0
846 5
847 5
848 7
849 5
850 5
851 12
852 9
853 4
854 4
855 8
856 10
857 10
858 2
859 10
860 8
861 4
862 2
863 4
864 9
865 2
866 6
867 3
868 0
869 4
870 5
871 2
872 4
873 5
874 1
875 5
876 2
877 4
878 9
879 10
880 7
881 4
882 4
883 4
884 4
885 4
886 4
887 5
888 2
889 4
890 4
891 5
892 13
893 5
894 5
895 10
896 10
897 10
898 4
899 3
900 10
901 2
902 5
903 5
904 13
905 4
906 10
907 4
908 10
909 8
910 2
911 5
912 5
913 9
914 5
915 13
916 2
917 4
918 2
919 9
920 5
921 4
922 12
923 5
924 10
925 5
926 10
927 5
928 10
929 4
930 5
931 10
932 10
933 9
934 4
935 4
936 1
937 4
938 5
939 10
940 1
941 10
942 13
943 10
944 5
945 4
946 5
947 4
948 11
949 1
950 10
951 2
952 2
953 11
954 13
955 10
956 8
957 2
958 4
959 2
960 11
961 2
962 10
963 0
964 13
965 11
966 5
967 5
968 4
969 5
970 10
971 12
972 4
973 10
974 5
975 0
976 2
977 9
978 12
979 7
980 10
981 2
982 10
983 5
984 10
985 2
986 5
987 10
988 5
989 5
990 4
991 4
992 3
993 4
994 5
995 4
996 4
997 10
998 4
999 5
