0 0
1 1
2 2
3 3
4 4
5 5
6 6
7 2
8 0
9 1
10 7
11 4
12 6
13 8
14 7
15 9
16 10
17 11
18 11
19 1
20 8
21 7
22 10
23 0
24 8
25 11
26 6
27 3
28 11
29 12
30 1
31 1
32 3
33 7
34 3
35 5
36 9
37 0
38 4
39 9
40 9
41 0
42 13
43 9
44 7
45 7
46 12
47 9
48 0
49 0
50 11
51 1
52 12
53 11
54 12
55 9
56 12
57 11
58 7
59 12
60 0
61 11
62 12
63 7
64 8
65 10
66 12
67 9
68 7
69 12
70 2
71 11
72 13
73 5
74 12
75 12
76 9
77 10
78 5
79 2
80 11
81 2
82 5
83 4
84 11
85 4
86 11
87 12
88 7
89 12
90 12
91 5
92 11
93 11
94 6
95 5
96 2
97 13
98 11
99 11
100 5
101 13
102 0
103 0
104 10
105 5
106 10
107 11
108 13
109 6
110 6
111 5
112 0
113 13
114 10
115 6
116 5
117 9
118 8
119 2
120 11
121 2
122 12
123 10
124 6
125 5
126 4
127 5
128 10
129 5
130 6
131 6
132 0
133 3
134 11
135 8
136 6
137 5
138 10
139 5
140 2
141 5
142 5
143 3
144 10
145 8
146 10
147 5
148 6
149 12
150 6
151 6
152 12
153 6
154 10
155 8
156 5
157 5
158 6
159 11
160 6
161 5
162 6
163 11
164 8
165 8
166 8
167 6
168 13
169 9
170 8
171 7
172 7
173 5
174 7
175 11
176 11
177 6
178 10
179 7
180 6
181 6
182 0
183 5
184 8
185 6
186 8
187 6
188 8
189 3
190 3
191 6
192 8
193 7
194 8
195 6
196 0
197 6
198 1
199 7
200 6
201 7
202 9
203 0
204 0
205 11
206 11
207 11
208 9
209 12
210 11
211 11
212 11
213 8
214 7
215 7
216 7
217 7
218 7
219 0
220 7
221 8
222 11
223 9
224 7
225 6
226 7
227 8
228 11
229 8
230 8
231 6
232 7
233 0
234 6
235 11
236 7
237 11
238 8
239 6
240 11
241 5
242 11
243 11
244 6
245 0
246 6
247 5
248 8
249 11
250 7
251 13
252 7
253 8
254 1
255 11
256 11
257 6
258 8
259 8
260 11
261 11
262 7
263 7
264 7
265 7
266 6
267 11
268 7
269 9
270 7
271 7
272 9
273 11
274 11
275 9
276 5
277 7
278 6
279 8
280 0
281 5
282 5
283 7
284 5
285 11
286 10
287 8
288 11
289 7
290 11
291 11
292 8
293 0
294 7
295 6
296 11
297 5
298 13
299 5
300 0
301 7
302 5
303 7
304 5
305 6
306 7
307 9
308 5
309 6
310 0
311 8
312 0
313 13
314 1
315 11
316 7
317 11
318 13
319 7
320 7
321 9
322 5
323 10
324 8
325 11
326 6
327 9
328 5
329 11
330 9
331 5
332 2
333 13
334 7
335 8
336 7
337 7
338 9
339 7
340 11
341 12
342 8
343 7
344 6
345 2
346 8
347 0
348 12
349 7
350 2
351 7
352 11
353 8
354 11
355 11
356 5
357 7
358 7
359 10
360 7
361 6
362 8
363 6
364 9
365 7
366 12
367 5
368 11
369 7
370 7
371 11
372 12
373 11
374 12
375 12
376 5
377 10
378 7
379 5
380 8
381 13
382 10
383 8
384 11
385 12
386 12
387 5
388 11
389 12
390 7
391 7
392 12
393 7
394 2
395 7
396 8
397 7
398 7
399 10
400 6
401 5
402 11
403 7
404 2
405 11
406 11
407 12
408 2
409 12
410 10
411 10
412 7
413 11
414 8
415 11
416 12
417 10
418 8
419 12
420 12
421 8
422 2
423 7
424 12
425 11
426 10
427 12
428 12
429 7
430 10
431 12
432 12
433 6
434 6
435 12
436 12
437 11
438 11
439 11
440 7
441 12
442 11
443 12
444 3
445 4
446 8
447 1
448 8
449 7
450 11
451 4
452 11
453 0
454 10
455 12
456 12
457 8
458 7
459 10
460 12
461 12
462 9
463 10
464 1
465 9
466 7
467 7
468 0
469 1
470 7
471 0
472 9
473 12
474 10
475 12
476 12
477 7
478 0
479 1
480 6
481 11
482 8
483 0
484 8
485 7
486 9
487 12
488 12
489 0
490 11
491 7
492 8
493 12
494 11
495 10
496 7
497 11
498 4
499 11
500 11
501 11
502 11
503 7
504 12
505 12
506 11
507 1
508 7
509 12
510 0
511 10
512 7
513 4
514 0
515 12
516 11
517 11
518 9
519 12
520 1
521 12
522 7
523 11
524 0
525 1
526 11
527 1
528 11
529 11
530 10
531 4
532 10
533 0
534 12
535 9
536 8
537 12
538 11
539 8
540 4
541 3
542 9
543 12
544 12
545 6
546 0
547 1
548 11
549 7
550 13
551 12
552 1
553 11
554 3
555 11
556 11
557 7
558 1
559 12
560 0
561 13
562 12
563 1
564 11
565 11
566 11
567 11
568 3
569 4
570 9
571 13
572 1
573 11
574 0
575 12
576 12
577 0
578 9
579 12
580 11
581 2
582 2
583 11
584 5
585 12
586 1
587 11
588 9
589 11
590 11
591 12
592 5
593 7
594 11
595 0
596 4
597 11
598 0
599 2
600 3
601 2
602 5
603 4
604 6
605 5
606 6
607 5
608 11
609 11
610 7
611 5
612 5
613 7
614 0
615 7
616 11
617 8
618 4
619 11
620 0
621 2
622 5
623 9
624 5
625 5
626 5
627 8
628 12
629 5
630 10
631 10
632 8
633 11
634 2
635 5
636 8
637 11
638 12
639 10
640 8
641 3
642 12
643 8
644 7
645 0
646 6
647 5
648 2
649 4
650 11
651 10
652 11
653 12
654 11
655 12
656 10
657 9
658 6
659 5
660 8
661 11
662 0
663 4
664 9
665 11
666 2
667 6
668 10
669 10
670 6
671 5
672 5
673 2
674 8
675 2
676 12
677 10
678 0
679 6
680 1
681 13
682 10
683 6
684 5
685 11
686 6
687 7
688 11
689 6
690 5
691 7
692 11
693 10
694 7
695 7
696 6
697 6
698 8
699 7
700 11
701 6
702 4
703 7
704 5
705 11
706 5
707 7
708 6
709 11
710 7
711 0
712 11
713 7
714 8
715 8
716 0
717 7
718 7
719 10
720 8
721 11
722 11
723 0
724 7
725 5
726 11
727 6
728 7
729 11
730 8
731 0
732 1
733 7
734 11
735 6
736 0
737 7
738 9
739 11
740 11
741 11
742 7
743 11
744 5
745 8
746 9
747 7
748 9
749 8
750 7
751 7
752 11
753 5
754 6
755 10
756 7
757 6
758 6
759 11
760 7
761 8
762 9
763 5
764 0
765 10
766 11
767 11
768 7
769 0
770 8
771 7
772 11
773 9
774 7
775 0
776 7
777 7
778 3
779 5
780 10
781 6
782 7
783 6
784 8
785 11
786 11
787 10
788 7
789 6
790 5
791 6
792 11
793 11
794 11
795 11
796 11
797 11
798 12
799 7
800 7
801 11
802 9
803 11
804 11
805 11
806 1
807 11
808 1
809 7
810 10
811 11
812 7
813 3
814 7
815 7
816 7
817 7
818 11
819 7
820 8
821 8
822 7
823 6
824 7
825 11
826 13
827 7
828 8
829 8
830 7
831 13
832 6
833 7
834 7
835 7
836 11
837 11
838 8
839 7
840 7
841 2
842 3
843 7
844 11
845 11
846 9
847 11
848 11
849 6
850 7
851 12
852 12
853 8
854 11
855 7
856 11
857 12
858 12
859 12
860 5
861 12
862 12
863 11
864 12
865 11
866 8
867 7
868 11
869 7
870 1
871 7
872 7
873 6
874 12
875 11
876 7
877 7
878 2
879 11
880 12
881 11
882 7
883 10
884 8
885 11
886 12
887 11
888 2
889 11
890 7
891 12
892 7
893 5
894 12
895 11
896 12
897 12
898 8
899 12
900 9
901 11
902 7
903 7
904 7
905 12
906 12
907 11
908 3
909 12
910 11
911 12
912 12
913 7
914 7
915 7
916 7
917 11
918 12
919 11
920 2
921 10
922 11
923 7
924 1
925 3
926 2
927 2
928 12
929 11
930 1
931 11
932 7
933 12
934 12
935 12
936 12
937 12
938 11
939 7
940 11
941 11
942 7
943 5
944 7
945 1
946 8
947 12
948 8
949 12
950 6
951 3
952 11
953 12
954 2
955 4
956 6
957 12
958 13
959 1
960 2
961 11
962 4
963 7
964 5
965 8
966 2
967 10
968 7
969 10
970 7
971 12
972 9
973 11
974 9
975 11
976 0
977 11
978 12
979 7
980 0
981 10
982 9
983 8
984 12
985 0
986 12
987 7
988 1
989 7
990 1
991 10
992 1
993 9
994 7
995 10
996 12
997 0
998 0
999 10
