0 0
1 1
2 2
3 0
4 3
5 4
6 0
7 5
8 6
9 7
10 7
11 8
12 9
13 2
14 10
15 11
16 12
17 13
18 14
19 15
20 16
21 17
22 18
23 19
24 20
25 9
26 2
27 21
28 16
29 22
30 2
31 13
32 23
33 24
34 11
35 25
36 26
37 26
38 27
39 15
40 13
41 28
42 9
43 18
44 10
45 29
46 24
47 30
48 31
49 32
50 9
51 18
52 2
53 33
54 13
55 34
56 1
57 23
58 24
59 9
60 35
61 22
62 36
63 8
64 37
65 38
66 7
67 7
68 39
69 7
70 40
71 35
72 14
73 20
74 39
75 7
76 41
77 15
78 30
79 19
80 42
81 9
82 16
83 37
84 43
85 9
86 35
87 30
88 16
89 7
90 41
91 28
92 12
93 21
94 35
95 38
96 44
97 42
98 35
99 16
100 4
101 37
102 16
103 6
104 20
105 40
106 32
107 7
108 27
109 10
110 45
111 31
112 37
113 30
114 38
115 12
116 21
117 21
118 32
119 46
120 5
121 43
122 12
123 38
124 15
125 21
126 47
127 48
128 35
129 21
130 11
131 12
132 45
133 43
134 15
135 22
136 35
137 49
138 24
139 33
140 37
141 50
142 24
143 39
144 44
145 37
146 30
147 40
148 35
149 18
150 28
151 9
152 11
153 4
154 15
155 51
156 34
157 43
158 36
159 7
160 12
161 7
162 22
163 46
164 14
165 11
166 52
167 12
168 12
169 20
170 21
171 11
172 37
173 32
174 53
175 43
176 40
177 50
178 15
179 43
180 18
181 21
182 12
183 35
184 22
185 32
186 21
187 6
188 9
189 0
190 43
191 45
192 18
193 0
194 10
195 44
196 10
197 13
198 28
199 22
200 44
201 0
202 36
203 15
204 35
205 50
206 18
207 50
208 35
209 10
210 28
211 12
212 2
213 22
214 6
215 10
216 10
217 41
218 2
219 11
220 15
221 15
222 28
223 2
224 21
225 2
226 37
227 15
228 11
229 17
230 33
231 53
232 43
233 54
234 50
235 45
236 28
237 44
238 22
239 35
240 11
241 9
242 18
243 45
244 15
245 9
246 35
247 2
248 12
249 21
250 20
251 7
252 35
253 10
254 39
255 38
256 43
257 25
258 9
259 35
260 49
261 35
262 39
263 0
264 45
265 44
266 47
267 35
268 2
269 39
270 14
271 13
272 45
273 35
274 4
275 39
276 18
277 49
278 11
279 34
280 11
281 28
282 46
283 14
284 34
285 15
286 2
287 44
288 28
289 44
290 15
291 39
292 32
293 25
294 28
295 14
296 35
297 13
298 43
299 14
300 53
301 38
302 2
303 45
304 17
305 28
306 39
307 25
308 37
309 15
310 14
311 39
312 25
313 21
314 38
315 13
316 4
317 20
318 22
319 55
320 9
321 56
322 43
323 19
324 14
325 42
326 37
327 10
328 13
329 20
330 22
331 9
332 16
333 41
334 28
335 25
336 38
337 50
338 13
339 47
340 28
341 14
342 56
343 39
344 47
345 29
346 29
347 29
348 15
349 22
350 1
351 29
352 13
353 43
354 2
355 2
356 27
357 29
358 43
359 22
360 29
361 47
362 44
363 35
364 4
365 18
366 27
367 21
368 56
369 39
370 53
371 27
372 29
373 35
374 37
375 28
376 39
377 24
378 40
379 6
380 22
381 26
382 2
383 40
384 40
385 30
386 57
387 15
388 38
389 9
390 6
391 22
392 2
393 6
394 42
395 44
396 58
397 30
398 9
399 50
400 16
401 22
402 29
403 48
404 41
405 15
406 18
407 30
408 47
409 56
410 9
411 50
412 34
413 37
414 39
415 34
416 3
417 50
418 2
419 16
420 21
421 31
422 2
423 16
424 39
425 16
426 36
427 9
428 15
429 2
430 45
431 13
432 8
433 15
434 0
435 16
436 39
437 13
438 9
439 38
440 2
441 49
442 27
443 13
444 18
445 24
446 9
447 18
448 40
449 40
450 4
451 50
452 50
453 27
454 7
455 6
456 50
457 49
458 7
459 32
460 16
461 16
462 42
463 0
464 56
465 57
466 29
467 53
468 29
469 2
470 50
471 45
472 19
473 41
474 32
475 50
476 11
477 27
478 41
479 55
480 6
481 39
482 29
483 27
484 6
485 29
486 20
487 11
488 39
489 15
490 30
491 32
492 7
493 53
494 15
495 27
496 29
497 15
498 27
499 27
500 30
501 23
502 11
503 27
504 21
505 27
506 35
507 11
508 30
509 32
510 10
511 29
512 15
513 23
514 41
515 55
516 32
517 27
518 29
519 29
520 47
521 15
522 12
523 30
524 29
525 29
526 15
527 39
528 15
529 13
530 30
531 14
532 27
533 30
534 0
535 12
536 26
537 58
538 36
539 11
540 47
541 39
542 11
543 12
544 27
545 57
546 2
547 7
548 12
549 41
550 27
551 31
552 41
553 7
554 54
555 15
556 12
557 30
558 43
559 47
560 23
561 37
562 15
563 21
564 27
565 1
566 24
567 38
568 10
569 49
570 51
571 30
572 12
573 28
574 47
575 11
576 4
577 3
578 37
579 23
580 53
581 21
582 12
583 8
584 58
585 39
586 12
587 32
588 27
589 5
590 51
591 41
592 27
593 32
594 25
595 27
596 54
597 51
598 43
599 58
600 32
601 55
602 5
603 38
604 29
605 27
606 29
607 7
608 30
609 10
610 27
611 15
612 29
613 53
614 27
615 38
616 16
617 27
618 15
619 44
620 48
621 41
622 42
623 44
624 44
625 19
626 20
627 32
628 12
629 16
630 12
631 27
632 7
633 21
634 43
635 29
636 5
637 30
638 43
639 40
640 58
641 43
642 5
643 27
644 55
645 11
646 11
647 32
648 20
649 32
650 15
651 32
652 36
653 5
654 15
655 27
656 22
657 44
658 32
659 13
660 2
661 27
662 57
663 3
664 44
665 29
666 11
667 28
668 21
669 44
670 11
671 32
672 15
673 7
674 6
675 50
676 7
677 18
678 6
679 14
680 11
681 9
682 29
683 27
684 15
685 50
686 7
687 28
688 15
689 17
690 9
691 32
692 28
693 43
694 16
695 0
696 6
697 12
698 28
699 15
700 16
701 30
702 32
703 11
704 28
705 41
706 7
707 7
708 9
709 30
710 0
711 15
712 37
713 7
714 50
715 0
716 13
717 37
718 8
719 47
720 27
721 18
722 13
723 7
724 15
725 18
726 14
727 54
728 25
729 4
730 45
731 53
732 26
733 14
734 32
735 27
736 2
737 7
738 45
739 29
740 32
741 12
742 32
743 51
744 9
745 15
746 29
747 7
748 43
749 44
750 29
751 9
752 29
753 30
754 33
755 15
756 6
757 28
758 33
759 48
760 32
761 13
762 7
763 30
764 30
765 7
766 38
767 15
768 34
769 27
770 9
771 18
772 30
773 25
774 7
775 18
776 7
777 28
778 27
779 7
780 9
781 28
782 2
783 2
784 2
785 29
786 28
787 39
788 9
789 11
790 53
791 32
792 30
793 15
794 50
795 29
796 27
797 7
798 39
799 20
800 49
801 28
802 43
803 23
804 28
805 27
806 28
807 30
808 22
809 50
810 15
811 59
812 23
813 59
814 11
815 30
816 29
817 24
818 7
819 49
820 38
821 27
822 32
823 14
824 37
825 14
826 2
827 27
828 39
829 37
830 37
831 39
832 37
833 34
834 38
835 54
836 39
837 32
838 30
839 14
840 29
841 15
842 50
843 10
844 30
845 29
846 11
847 0
848 30
849 1
850 7
851 27
852 17
853 2
854 15
855 32
856 53
857 30
858 32
859 45
860 28
861 7
862 15
863 43
864 27
865 37
866 21
867 14
868 6
869 10
870 14
871 7
872 43
873 32
874 15
875 27
876 7
877 32
878 11
879 15
880 27
881 28
882 25
883 32
884 32
885 30
886 7
887 47
888 26
889 5
890 29
891 11
892 33
893 37
894 30
895 37
896 13
897 15
898 32
899 29
900 29
901 34
902 29
903 30
904 1
905 40
906 2
907 32
908 5
909 44
910 9
911 18
912 32
913 35
914 37
915 11
916 29
917 29
918 48
919 22
920 35
921 27
922 58
923 11
924 16
925 32
926 13
927 37
928 16
929 39
930 30
931 6
932 41
933 32
934 11
935 48
936 52
937 13
938 5
939 7
940 6
941 9
942 39
943 11
944 29
945 30
946 15
947 32
948 27
949 37
950 4
951 35
952 36
953 15
954 11
955 11
956 35
957 15
958 8
959 35
960 13
961 44
962 35
963 29
964 27
965 37
966 9
967 29
968 55
969 49
970 12
971 15
972 20
973 7
974 13
975 13
976 14
977 35
978 35
979 32
980 9
981 2
982 32
983 9
984 32
985 30
986 20
987 37
988 37
989 27
990 32
991 35
992 8
993 7
994 27
995 9
996 35
997 7
998 13
999 29
1000 15
1001 30
1002 29
1003 9
1004 15
1005 22
1006 16
1007 35
1008 40
1009 48
1010 6
1011 30
1012 7
1013 11
1014 52
1015 16
1016 29
1017 52
1018 13
1019 2
1020 30
1021 39
1022 32
1023 35
1024 49
1025 15
1026 29
1027 15
1028 13
1029 11
1030 35
1031 23
1032 33
1033 3
1034 25
1035 24
1036 11
1037 11
1038 32
1039 14
1040 20
1041 49
1042 35
1043 49
1044 11
1045 3
1046 7
1047 1
1048 15
1049 7
1050 49
1051 15
1052 16
1053 27
1054 35
1055 27
1056 13
1057 9
1058 13
1059 16
1060 11
1061 33
1062 16
1063 37
1064 9
1065 58
1066 35
1067 35
1068 50
1069 12
1070 15
1071 4
1072 11
1073 32
1074 3
1075 9
1076 21
1077 12
1078 26
1079 15
1080 35
1081 35
1082 55
1083 40
1084 40
1085 15
1086 21
1087 27
1088 9
1089 32
1090 56
1091 7
1092 15
1093 27
1094 37
1095 47
1096 37
1097 30
1098 15
1099 32
1100 15
1101 35
1102 27
1103 15
1104 28
1105 32
1106 11
1107 1
1108 9
1109 48
1110 15
1111 35
1112 28
1113 9
1114 30
1115 15
1116 9
1117 55
1118 13
1119 15
1120 18
1121 43
1122 14
1123 29
1124 54
1125 32
1126 27
1127 9
1128 27
1129 32
1130 27
1131 28
1132 27
1133 35
1134 56
1135 44
1136 15
1137 52
1138 37
1139 27
1140 47
1141 15
1142 29
1143 15
1144 40
1145 9
1146 30
1147 21
1148 50
1149 57
1150 15
1151 27
1152 39
1153 12
1154 5
1155 19
1156 9
1157 57
1158 43
1159 41
1160 15
1161 15
1162 7
1163 12
1164 32
1165 31
1166 45
1167 15
1168 28
1169 6
1170 35
1171 35
1172 37
1173 50
1174 37
1175 27
1176 14
1177 28
1178 9
1179 50
1180 17
1181 27
1182 37
1183 44
1184 22
1185 18
1186 43
1187 27
1188 28
1189 3
1190 42
1191 9
1192 39
1193 34
1194 34
1195 51
1196 16
1197 17
1198 29
1199 43
1200 32
1201 18
1202 9
1203 12
1204 36
1205 32
1206 16
1207 50
1208 9
1209 28
1210 38
1211 56
1212 15
1213 41
1214 43
1215 29
1216 15
1217 58
1218 20
1219 53
1220 19
1221 32
1222 9
1223 0
1224 15
1225 56
1226 13
1227 8
1228 30
1229 46
1230 32
1231 37
1232 27
1233 32
1234 18
1235 27
1236 2
1237 6
1238 9
1239 15
1240 11
1241 28
1242 15
1243 37
1244 2
1245 45
1246 28
1247 13
1248 15
1249 21
1250 28
1251 30
1252 11
1253 20
1254 33
1255 12
1256 37
1257 6
1258 48
1259 0
1260 47
1261 45
1262 0
1263 11
1264 53
1265 13
1266 59
1267 35
1268 27
1269 27
1270 11
1271 12
1272 42
1273 43
1274 20
1275 10
1276 7
1277 16
1278 2
1279 0
1280 20
1281 47
1282 21
1283 48
1284 44
1285 24
1286 32
1287 54
1288 35
1289 15
1290 58
1291 16
1292 50
1293 44
1294 5
1295 14
1296 38
1297 33
1298 27
1299 9
1300 33
1301 27
1302 27
1303 32
1304 47
1305 44
1306 29
1307 27
1308 52
1309 7
1310 27
1311 54
1312 50
1313 46
1314 32
1315 45
1316 35
1317 39
1318 0
1319 46
1320 32
1321 32
1322 39
1323 10
1324 27
1325 35
1326 7
1327 21
1328 27
1329 9
1330 9
1331 9
1332 32
1333 5
1334 35
1335 16
1336 14
1337 45
1338 53
1339 16
1340 39
1341 38
1342 50
1343 27
1344 21
1345 15
1346 0
1347 45
1348 15
1349 39
1350 37
1351 9
1352 0
1353 44
1354 50
1355 2
1356 15
1357 15
1358 28
1359 38
1360 58
1361 9
1362 47
1363 2
1364 7
1365 1
1366 32
1367 38
1368 43
1369 2
1370 41
1371 35
1372 58
1373 32
1374 14
1375 14
1376 9
1377 38
1378 6
1379 43
1380 50
1381 29
1382 33
1383 20
1384 47
1385 9
1386 31
1387 53
1388 13
1389 33
1390 10
1391 13
1392 3
1393 47
1394 28
1395 28
1396 29
1397 24
1398 6
1399 27
1400 0
1401 29
1402 41
1403 18
1404 27
1405 34
1406 11
1407 5
1408 22
1409 27
1410 32
1411 30
1412 13
1413 18
1414 0
1415 49
1416 7
1417 29
1418 14
1419 27
1420 32
1421 35
1422 53
1423 15
1424 16
1425 54
1426 30
1427 14
1428 41
1429 30
1430 53
1431 29
1432 53
1433 29
1434 17
1435 5
1436 15
1437 27
1438 32
1439 15
1440 0
1441 7
1442 51
1443 22
1444 3
1445 52
1446 29
1447 16
1448 27
1449 22
1450 41
1451 29
1452 14
1453 20
1454 29
1455 45
1456 14
1457 15
1458 35
1459 27
1460 53
1461 16
1462 20
1463 5
1464 27
1465 29
1466 1
1467 7
1468 32
1469 32
1470 32
1471 5
1472 32
1473 30
1474 30
1475 55
1476 30
1477 14
1478 15
1479 2
1480 29
1481 16
1482 2
1483 7
1484 43
1485 18
1486 35
1487 49
1488 30
1489 32
1490 10
1491 29
1492 25
1493 30
1494 45
1495 34
1496 30
1497 2
1498 55
1499 27
1500 4
1501 7
1502 39
1503 30
1504 27
1505 7
1506 15
1507 12
1508 15
1509 11
1510 25
1511 10
1512 42
1513 30
1514 27
1515 40
1516 32
1517 20
1518 45
1519 11
1520 32
1521 18
1522 7
1523 30
1524 27
1525 15
1526 29
1527 27
1528 9
1529 4
1530 32
1531 0
1532 18
1533 22
1534 7
1535 0
1536 18
1537 32
1538 32
1539 32
1540 16
1541 11
1542 8
1543 10
1544 3
1545 30
1546 8
1547 33
1548 7
1549 59
1550 16
1551 27
1552 32
1553 32
1554 10
1555 12
1556 27
1557 27
1558 11
1559 32
1560 15
1561 27
1562 54
1563 32
1564 16
1565 56
1566 15
1567 10
1568 15
1569 17
1570 32
1571 39
1572 7
1573 38
1574 14
1575 16
1576 35
1577 32
1578 53
1579 35
1580 39
1581 22
1582 7
1583 15
1584 37
1585 49
1586 15
1587 36
1588 15
1589 15
1590 57
1591 47
1592 37
1593 20
1594 30
1595 27
1596 27
1597 13
1598 27
1599 30
1600 15
1601 27
1602 40
1603 22
1604 27
1605 21
1606 27
1607 31
1608 27
1609 41
1610 11
1611 0
1612 41
1613 18
1614 2
1615 47
1616 21
1617 52
1618 42
1619 9
1620 41
1621 43
1622 4
1623 11
1624 27
1625 1
1626 19
1627 32
1628 40
1629 47
1630 15
1631 11
1632 32
1633 15
1634 29
1635 8
1636 14
1637 15
1638 38
1639 15
1640 29
1641 37
1642 15
1643 43
1644 58
1645 15
1646 37
1647 39
1648 27
1649 27
1650 27
1651 44
1652 27
1653 14
1654 32
1655 11
1656 44
1657 52
1658 27
1659 27
1660 30
1661 37
1662 27
1663 15
1664 52
1665 32
1666 27
1667 28
1668 47
1669 22
1670 37
1671 28
1672 1
1673 15
1674 44
1675 40
1676 6
1677 45
1678 19
1679 18
1680 37
1681 29
1682 18
1683 29
1684 32
1685 15
1686 29
1687 45
1688 43
1689 11
1690 14
1691 53
1692 29
1693 29
1694 27
1695 15
1696 47
1697 45
1698 28
1699 19
1700 7
1701 31
1702 32
1703 43
1704 13
1705 23
1706 0
1707 59
1708 18
1709 8
1710 32
1711 32
1712 32
1713 7
1714 40
1715 9
1716 0
1717 37
1718 21
1719 22
1720 0
1721 27
1722 4
1723 11
1724 27
1725 6
1726 53
1727 12
1728 30
1729 27
1730 49
1731 18
1732 13
1733 27
1734 13
1735 28
1736 9
1737 27
1738 29
1739 14
1740 15
1741 53
1742 15
1743 27
1744 28
1745 27
1746 11
1747 28
1748 45
1749 15
1750 28
1751 15
1752 23
1753 22
1754 8
1755 30
1756 7
1757 9
1758 7
1759 28
1760 50
1761 32
1762 23
1763 41
1764 30
1765 50
1766 7
1767 7
1768 46
1769 15
1770 47
1771 28
1772 30
1773 10
1774 15
1775 0
1776 37
1777 15
1778 27
1779 21
1780 49
1781 18
1782 32
1783 27
1784 27
1785 2
1786 49
1787 15
1788 29
1789 27
1790 30
1791 39
1792 15
1793 22
1794 11
1795 27
1796 39
1797 41
1798 2
1799 16
1800 29
1801 43
1802 2
1803 37
1804 39
1805 11
1806 22
1807 0
1808 49
1809 9
1810 29
1811 30
1812 11
1813 39
1814 15
1815 45
1816 30
1817 29
1818 45
1819 30
1820 29
1821 30
1822 7
1823 33
1824 2
1825 37
1826 30
1827 29
1828 30
1829 43
1830 28
1831 15
1832 15
1833 7
1834 27
1835 32
1836 37
1837 29
1838 7
1839 39
1840 18
1841 37
1842 7
1843 37
1844 29
1845 30
1846 7
1847 46
1848 14
1849 32
1850 13
1851 27
1852 32
1853 32
1854 11
1855 30
1856 30
1857 37
1858 32
1859 21
1860 22
1861 29
1862 43
1863 11
1864 2
1865 37
1866 14
1867 29
1868 37
1869 37
1870 28
1871 30
1872 29
1873 30
1874 7
1875 15
1876 15
1877 15
1878 27
1879 39
1880 45
1881 7
1882 15
1883 37
1884 15
1885 32
1886 37
1887 37
1888 32
1889 14
1890 15
1891 14
1892 27
1893 13
1894 13
1895 2
1896 13
1897 30
1898 18
1899 44
1900 13
1901 15
1902 30
1903 32
1904 29
1905 50
1906 13
1907 28
1908 26
1909 0
1910 33
1911 15
1912 13
1913 32
1914 24
1915 37
1916 13
1917 0
1918 32
1919 27
1920 30
1921 29
1922 29
1923 13
1924 29
1925 29
1926 37
1927 14
1928 37
1929 2
1930 15
1931 37
1932 7
1933 18
1934 7
1935 31
1936 7
1937 50
1938 59
1939 37
1940 13
1941 39
1942 32
1943 46
1944 30
1945 32
1946 7
1947 18
1948 13
1949 13
1950 16
1951 30
1952 29
1953 32
1954 27
1955 32
1956 7
1957 7
1958 15
1959 30
1960 36
1961 7
1962 32
1963 11
1964 20
1965 30
1966 9
1967 35
1968 6
1969 27
1970 11
1971 27
1972 30
1973 18
1974 35
1975 39
1976 35
1977 32
1978 30
1979 11
1980 30
1981 31
1982 30
1983 22
1984 13
1985 32
1986 29
1987 2
1988 32
1989 35
1990 35
1991 46
1992 37
1993 16
1994 6
1995 7
1996 27
1997 30
1998 32
1999 7
2000 9
2001 37
2002 48
2003 35
2004 49
2005 11
2006 51
2007 7
2008 37
2009 30
2010 10
2011 29
2012 28
2013 10
2014 12
2015 30
2016 39
2017 25
2018 15
2019 30
2020 18
2021 11
2022 35
2023 7
2024 32
2025 58
2026 11
2027 25
2028 7
2029 43
2030 35
2031 31
2032 8
2033 29
2034 48
2035 15
2036 9
2037 52
2038 59
2039 7
2040 30
2041 15
2042 9
2043 32
2044 13
2045 29
2046 50
2047 16
2048 15
2049 16
2050 11
2051 35
2052 57
2053 54
2054 15
2055 20
2056 15
2057 39
2058 37
2059 35
2060 30
2061 55
2062 57
2063 11
2064 30
2065 0
2066 16
2067 35
2068 37
2069 35
2070 37
2071 40
2072 14
2073 0
2074 35
2075 15
2076 46
2077 36
2078 25
2079 14
2080 4
2081 17
2082 46
2083 39
2084 37
2085 39
2086 51
2087 15
2088 54
2089 49
2090 7
2091 16
2092 29
2093 13
2094 27
2095 11
2096 9
2097 0
2098 9
2099 16
2100 11
2101 47
2102 30
2103 57
2104 15
2105 40
2106 26
2107 55
2108 47
2109 40
2110 58
2111 35
2112 14
2113 14
2114 13
2115 51
2116 39
2117 47
2118 20
2119 37
2120 52
2121 14
2122 4
2123 34
2124 15
2125 30
2126 9
2127 43
2128 48
2129 12
2130 28
2131 9
2132 42
2133 12
2134 58
2135 15
2136 43
2137 42
2138 58
2139 14
2140 16
2141 43
2142 58
2143 35
2144 47
2145 58
2146 47
2147 55
2148 12
2149 39
2150 35
2151 15
2152 14
2153 10
2154 15
2155 15
2156 22
2157 35
2158 58
2159 45
2160 37
2161 57
2162 28
2163 11
2164 35
2165 45
2166 21
2167 13
2168 32
2169 15
2170 41
2171 11
2172 30
2173 30
2174 45
2175 2
2176 30
2177 41
2178 41
2179 5
2180 13
2181 45
2182 7
2183 12
2184 24
2185 45
2186 9
2187 31
2188 15
2189 15
2190 22
2191 53
2192 22
2193 9
2194 14
2195 16
2196 13
2197 45
2198 43
2199 35
2200 18
2201 52
2202 18
2203 51
2204 44
2205 50
2206 11
2207 2
2208 16
2209 42
2210 52
2211 41
2212 16
2213 35
2214 13
2215 53
2216 15
2217 11
2218 11
2219 15
2220 35
2221 13
2222 41
2223 7
2224 28
2225 11
2226 35
2227 13
2228 21
2229 37
2230 49
2231 49
2232 55
2233 35
2234 42
2235 13
2236 22
2237 7
2238 11
2239 50
2240 1
2241 37
2242 35
2243 50
2244 18
2245 15
2246 7
2247 58
2248 0
2249 35
2250 41
2251 22
2252 53
2253 54
2254 28
2255 21
2256 9
2257 20
2258 31
2259 28
2260 1
2261 21
2262 44
2263 44
2264 21
2265 40
2266 49
2267 28
2268 12
2269 13
2270 15
2271 19
2272 18
2273 37
2274 44
2275 9
2276 7
2277 54
2278 22
2279 56
2280 13
2281 15
2282 15
2283 15
2284 15
2285 35
2286 37
2287 15
2288 44
2289 15
2290 44
2291 33
2292 0
2293 6
2294 45
2295 15
2296 7
2297 39
2298 49
2299 37
2300 15
2301 1
2302 9
2303 13
2304 13
2305 7
2306 47
2307 34
2308 4
2309 15
2310 15
2311 29
2312 3
2313 0
2314 23
2315 14
2316 38
2317 54
2318 30
2319 7
2320 35
2321 7
2322 28
2323 39
2324 16
2325 15
2326 14
2327 13
2328 44
2329 5
2330 9
2331 13
2332 22
2333 37
2334 35
2335 52
2336 3
2337 43
2338 37
2339 21
2340 39
2341 4
2342 49
2343 37
2344 39
2345 32
2346 12
2347 0
2348 39
2349 30
2350 18
2351 26
2352 30
2353 35
2354 14
2355 18
2356 18
2357 55
2358 12
2359 13
2360 33
2361 3
2362 58
2363 35
2364 39
2365 16
2366 51
2367 17
2368 25
2369 0
2370 18
2371 26
2372 18
2373 39
2374 10
2375 52
2376 18
2377 32
2378 39
2379 47
2380 18
2381 1
2382 56
2383 51
2384 20
2385 10
2386 45
2387 39
2388 15
2389 42
2390 41
2391 50
2392 38
2393 9
2394 9
2395 29
2396 27
2397 18
2398 27
2399 59
2400 15
2401 1
2402 41
2403 45
2404 51
2405 27
2406 2
2407 11
2408 48
2409 13
2410 27
2411 12
2412 9
2413 41
2414 6
2415 27
2416 15
2417 37
2418 13
2419 29
2420 37
2421 44
2422 15
2423 29
2424 13
2425 34
2426 9
2427 58
2428 50
2429 29
2430 45
2431 31
2432 45
2433 15
2434 24
2435 28
2436 27
2437 3
2438 7
2439 2
2440 22
2441 35
2442 39
2443 14
2444 9
2445 15
2446 27
2447 9
2448 18
2449 14
2450 39
2451 7
2452 23
2453 31
2454 7
2455 30
2456 7
2457 16
2458 21
2459 29
2460 27
2461 29
2462 52
2463 16
2464 27
2465 40
2466 41
2467 53
2468 22
2469 31
2470 45
2471 28
2472 30
2473 20
2474 27
2475 29
2476 22
2477 17
2478 30
2479 29
2480 2
2481 16
2482 16
2483 29
2484 32
2485 29
2486 18
2487 32
2488 29
2489 49
2490 49
2491 19
2492 4
2493 15
2494 7
2495 57
2496 20
2497 0
2498 16
2499 45
2500 43
2501 15
2502 6
2503 10
2504 39
2505 29
2506 49
2507 50
2508 0
2509 42
2510 2
2511 2
2512 29
2513 35
2514 27
2515 15
2516 11
2517 31
2518 32
2519 4
2520 15
2521 11
2522 42
2523 49
2524 29
2525 29
2526 30
2527 14
2528 7
2529 44
2530 30
2531 32
2532 20
2533 27
2534 2
2535 35
2536 32
2537 30
2538 53
2539 14
2540 41
2541 11
2542 32
2543 7
2544 27
2545 49
2546 32
2547 54
2548 7
2549 12
2550 7
2551 10
2552 7
2553 32
2554 15
2555 0
2556 32
2557 25
2558 23
2559 16
2560 34
2561 20
2562 22
2563 32
2564 54
2565 25
2566 58
2567 47
2568 15
2569 11
2570 39
2571 30
2572 15
2573 25
2574 16
2575 50
2576 18
2577 2
2578 45
2579 15
2580 30
2581 5
2582 7
2583 50
2584 28
2585 27
2586 12
2587 51
2588 35
2589 27
2590 12
2591 39
2592 32
2593 12
2594 46
2595 25
2596 11
2597 0
2598 17
2599 15
2600 12
2601 15
2602 16
2603 39
2604 16
2605 14
2606 30
2607 15
2608 7
2609 14
2610 32
2611 32
2612 15
2613 27
2614 23
2615 32
2616 35
2617 5
2618 21
2619 12
2620 27
2621 37
2622 39
2623 11
2624 16
2625 19
2626 9
2627 32
2628 1
2629 0
2630 49
2631 32
2632 11
2633 15
2634 39
2635 32
2636 7
2637 27
2638 38
2639 18
2640 11
2641 2
2642 19
2643 32
2644 35
2645 44
2646 29
2647 11
2648 40
2649 59
2650 44
2651 32
2652 12
2653 21
2654 27
2655 27
2656 35
2657 44
2658 23
2659 7
2660 32
2661 27
2662 12
2663 27
2664 12
2665 45
2666 34
2667 24
2668 12
2669 41
2670 10
2671 15
2672 46
2673 16
2674 32
2675 32
2676 41
2677 2
2678 27
2679 10
2680 32
2681 24
2682 29
2683 16
2684 44
2685 39
2686 32
2687 32
2688 15
2689 16
2690 35
2691 15
2692 31
2693 54
2694 27
2695 11
2696 4
2697 15
2698 28
2699 32
2700 32
2701 37
2702 32
2703 2
2704 16
2705 32
2706 27
2707 14
2708 27
2709 13
2710 18
2711 50
2712 18
2713 6
2714 9
2715 7
2716 45
2717 7
2718 9
2719 27
2720 18
2721 7
2722 31
2723 16
2724 9
2725 58
2726 7
2727 50
2728 22
2729 5
2730 7
2731 7
2732 20
2733 6
2734 15
2735 7
2736 29
2737 15
2738 44
2739 32
2740 44
2741 44
2742 6
2743 21
2744 36
2745 15
2746 36
2747 7
2748 32
2749 27
2750 21
2751 32
2752 13
2753 11
2754 53
2755 7
2756 13
2757 50
2758 43
2759 10
2760 44
2761 45
2762 32
2763 15
2764 15
2765 32
2766 27
2767 27
2768 50
2769 18
2770 53
2771 27
2772 15
2773 1
2774 32
2775 20
2776 35
2777 34
2778 29
2779 15
2780 49
2781 4
2782 32
2783 54
2784 2
2785 28
2786 23
2787 18
2788 30
2789 36
2790 44
2791 2
2792 13
2793 20
2794 42
2795 6
2796 29
2797 22
2798 54
2799 15
2800 15
2801 15
2802 53
2803 15
2804 15
2805 37
2806 7
2807 43
2808 29
2809 27
2810 11
2811 29
2812 45
2813 27
2814 45
2815 11
2816 21
2817 15
2818 37
2819 37
2820 37
2821 27
2822 15
2823 7
2824 30
2825 12
2826 33
2827 29
2828 11
2829 29
2830 35
2831 27
2832 7
2833 30
2834 29
2835 29
2836 29
2837 18
2838 15
2839 39
2840 11
2841 38
2842 7
2843 11
2844 9
2845 0
2846 32
2847 11
2848 11
2849 11
2850 27
2851 30
2852 7
2853 37
2854 30
2855 18
2856 15
2857 37
2858 37
2859 7
2860 27
2861 9
2862 50
2863 27
2864 38
2865 2
2866 32
2867 15
2868 29
2869 13
2870 27
2871 30
2872 11
2873 19
2874 29
2875 37
2876 29
2877 14
2878 37
2879 40
2880 51
2881 47
2882 18
2883 7
2884 37
2885 2
2886 32
2887 56
2888 41
2889 38
2890 15
2891 29
2892 30
2893 37
2894 28
2895 2
2896 7
2897 15
2898 30
2899 56
2900 37
2901 7
2902 30
2903 37
2904 15
2905 29
2906 11
2907 30
2908 52
2909 11
2910 37
2911 0
2912 29
2913 29
2914 32
2915 42
2916 29
2917 41
2918 39
2919 57
2920 13
2921 15
2922 38
2923 30
2924 32
2925 30
2926 55
2927 30
2928 37
2929 13
2930 32
2931 29
2932 20
2933 37
2934 29
2935 7
2936 13
2937 9
2938 13
2939 39
2940 11
2941 45
2942 22
2943 11
2944 28
2945 13
2946 30
2947 1
2948 33
2949 13
2950 40
2951 16
2952 14
2953 30
2954 27
2955 6
2956 2
2957 45
2958 27
2959 27
2960 35
2961 42
2962 15
2963 29
2964 57
2965 9
2966 13
2967 35
2968 0
2969 43
2970 13
2971 35
2972 57
2973 7
2974 30
2975 2
2976 2
2977 43
2978 13
2979 34
2980 9
2981 13
2982 37
2983 22
2984 11
2985 35
2986 27
2987 50
2988 29
2989 13
2990 35
2991 32
2992 13
2993 42
2994 16
2995 16
2996 35
2997 30
2998 11
2999 20
3000 30
3001 14
3002 29
3003 39
3004 27
3005 13
3006 49
3007 32
3008 28
3009 27
3010 13
3011 7
3012 30
3013 27
3014 18
3015 37
3016 30
3017 41
3018 9
3019 9
3020 30
3021 29
3022 37
3023 15
3024 8
3025 4
3026 14
3027 21
3028 8
3029 28
3030 35
3031 11
3032 49
3033 35
3034 29
3035 15
3036 29
3037 7
3038 30
3039 32
3040 37
3041 2
3042 13
3043 35
3044 15
3045 27
3046 49
3047 44
3048 13
3049 30
3050 7
3051 29
3052 7
3053 37
3054 37
3055 9
3056 30
3057 54
3058 53
3059 15
3060 29
3061 7
3062 30
3063 27
3064 35
3065 38
3066 7
3067 11
3068 26
3069 13
3070 32
3071 30
3072 49
3073 9
3074 49
3075 1
3076 35
3077 19
3078 45
3079 13
3080 53
3081 22
3082 37
3083 59
3084 37
3085 35
3086 47
3087 35
3088 32
3089 32
3090 11
3091 22
3092 45
3093 37
3094 35
3095 29
3096 16
3097 15
3098 12
3099 30
3100 12
3101 11
3102 51
3103 59
3104 13
3105 30
3106 28
3107 7
3108 7
3109 32
3110 27
3111 16
3112 9
3113 58
3114 11
3115 7
3116 11
3117 47
3118 13
3119 49
3120 26
3121 30
3122 16
3123 0
3124 32
3125 15
3126 31
3127 57
3128 27
3129 10
3130 32
3131 35
3132 27
3133 9
3134 16
3135 9
3136 7
3137 10
3138 51
3139 3
3140 52
3141 32
3142 26
3143 16
3144 11
3145 32
3146 17
3147 14
3148 40
3149 32
3150 21
3151 38
3152 9
3153 21
3154 25
3155 15
3156 10
3157 37
3158 11
3159 28
3160 38
3161 29
3162 18
3163 32
3164 9
3165 12
3166 35
3167 15
3168 7
3169 21
3170 42
3171 16
3172 36
3173 16
3174 45
3175 26
3176 35
3177 13
3178 12
3179 15
3180 59
3181 43
3182 13
3183 10
3184 35
3185 27
3186 37
3187 44
3188 44
3189 14
3190 13
3191 15
3192 15
3193 42
3194 28
3195 32
3196 35
3197 32
3198 32
3199 49
3200 30
3201 15
3202 44
3203 39
3204 40
3205 15
3206 16
3207 50
3208 57
3209 49
3210 32
3211 8
3212 13
3213 44
3214 22
3215 43
3216 13
3217 18
3218 13
3219 32
3220 31
3221 45
3222 37
3223 33
3224 15
3225 22
3226 15
3227 28
3228 29
3229 27
3230 50
3231 9
3232 29
3233 13
3234 39
3235 21
3236 50
3237 32
3238 15
3239 29
3240 53
3241 18
3242 35
3243 18
3244 21
3245 50
3246 32
3247 19
3248 19
3249 13
3250 39
3251 8
3252 49
3253 45
3254 4
3255 14
3256 28
3257 0
3258 27
3259 30
3260 36
3261 9
3262 20
3263 9
3264 14
3265 15
3266 12
3267 15
3268 50
3269 32
3270 35
3271 15
3272 18
3273 18
3274 42
3275 45
3276 15
3277 53
3278 43
3279 27
3280 32
3281 20
3282 18
3283 12
3284 54
3285 48
3286 53
3287 37
3288 27
3289 7
3290 5
3291 2
3292 45
3293 9
3294 26
3295 32
3296 0
3297 21
3298 32
3299 15
3300 50
3301 45
3302 15
3303 15
3304 15
3305 21
3306 33
3307 15
3308 32
3309 29
3310 54
3311 15
3312 15
3313 37
3314 47
3315 27
3316 57
3317 15
3318 19
3319 47
3320 44
3321 15
3322 32
3323 32
3324 50
3325 51
3326 44
3327 44
3328 20
3329 12
3330 27
3331 2
3332 18
3333 27
3334 43
3335 44
3336 15
3337 15
3338 22
3339 12
3340 27
3341 20
3342 25
3343 13
3344 32
3345 15
3346 27
3347 17
3348 27
3349 28
3350 14
3351 50
3352 32
3353 27
3354 2
3355 51
3356 27
3357 18
3358 26
3359 25
3360 15
3361 15
3362 50
3363 14
3364 17
3365 50
3366 18
3367 21
3368 26
3369 18
3370 39
3371 53
3372 20
3373 13
3374 36
3375 32
3376 32
3377 28
3378 21
3379 27
3380 18
3381 9
3382 27
3383 37
3384 21
3385 13
3386 39
3387 43
3388 40
3389 40
3390 50
3391 47
3392 18
3393 15
3394 15
3395 18
3396 21
3397 40
3398 27
3399 36
3400 33
3401 34
3402 35
3403 14
3404 23
3405 11
3406 18
3407 58
3408 1
3409 43
3410 32
3411 47
3412 35
3413 32
3414 32
3415 32
3416 28
3417 25
3418 40
3419 1
3420 32
3421 21
3422 29
3423 47
3424 22
3425 15
3426 30
3427 27
3428 14
3429 18
3430 37
3431 44
3432 14
3433 14
3434 58
3435 32
3436 14
3437 10
3438 48
3439 13
3440 26
3441 53
3442 20
3443 32
3444 24
3445 15
3446 0
3447 27
3448 35
3449 27
3450 6
3451 43
3452 40
3453 29
3454 2
3455 32
3456 27
3457 35
3458 39
3459 18
3460 6
3461 32
3462 29
3463 7
3464 30
3465 50
3466 15
3467 40
3468 7
3469 32
3470 24
3471 27
3472 15
3473 32
3474 39
3475 27
3476 2
3477 29
3478 39
3479 50
3480 44
3481 15
3482 26
3483 30
3484 27
3485 33
3486 31
3487 43
3488 15
3489 9
3490 32
3491 39
3492 29
3493 29
3494 15
3495 29
3496 44
3497 32
3498 27
3499 16
3500 30
3501 15
3502 32
3503 7
3504 27
3505 42
3506 7
3507 18
3508 7
3509 7
3510 32
3511 1
3512 27
3513 27
3514 28
3515 29
3516 15
3517 18
3518 58
3519 27
3520 32
3521 55
3522 35
3523 36
3524 56
3525 30
3526 15
3527 50
3528 32
3529 7
3530 0
3531 0
3532 49
3533 14
3534 18
3535 15
3536 51
3537 45
3538 45
3539 29
3540 23
3541 15
3542 18
3543 32
3544 29
3545 14
3546 15
3547 7
3548 34
3549 7
3550 11
3551 14
3552 8
3553 28
3554 41
3555 25
3556 14
3557 12
3558 11
3559 32
3560 29
3561 15
3562 30
3563 55
3564 15
3565 47
3566 27
3567 41
3568 29
3569 35
3570 20
3571 53
3572 27
3573 45
3574 4
3575 43
3576 8
3577 29
3578 25
3579 25
3580 30
3581 2
3582 25
3583 27
3584 32
3585 15
3586 17
3587 7
3588 32
3589 35
3590 38
3591 4
3592 15
3593 32
3594 39
3595 3
3596 32
3597 49
3598 15
3599 49
3600 20
3601 27
3602 28
3603 32
3604 15
3605 27
3606 15
3607 32
3608 12
3609 27
3610 54
3611 57
3612 32
3613 27
3614 32
3615 10
3616 42
3617 51
3618 12
3619 38
3620 39
3621 49
3622 15
3623 12
3624 38
3625 29
3626 15
3627 11
3628 30
3629 2
3630 47
3631 27
3632 57
3633 32
3634 16
3635 32
3636 36
3637 32
3638 37
3639 14
3640 38
3641 51
3642 27
3643 39
3644 21
3645 14
3646 16
3647 32
3648 7
3649 14
3650 12
3651 18
3652 11
3653 14
3654 41
3655 45
3656 1
3657 1
3658 38
3659 37
3660 56
3661 12
3662 16
3663 7
3664 21
3665 16
3666 32
3667 17
3668 43
3669 35
3670 32
3671 2
3672 15
3673 29
3674 32
3675 14
3676 29
3677 32
3678 11
3679 47
3680 16
3681 29
3682 44
3683 8
3684 40
3685 11
3686 20
3687 27
3688 40
3689 29
3690 28
3691 21
3692 27
3693 6
3694 29
3695 44
3696 20
3697 31
3698 32
3699 27
3700 27
3701 32
3702 45
3703 11
3704 32
3705 14
3706 27
3707 40
3708 32
3709 32
3710 38
3711 27
3712 28
3713 32
3714 32
3715 20
3716 32
3717 29
3718 16
3719 32
3720 43
3721 43
3722 32
3723 29
3724 6
3725 44
3726 32
3727 15
3728 54
3729 45
3730 15
3731 22
3732 21
3733 45
3734 27
3735 43
3736 28
3737 27
3738 18
3739 27
3740 33
3741 53
3742 11
3743 15
3744 27
3745 46
3746 33
3747 29
3748 28
3749 44
3750 28
3751 15
3752 0
3753 29
3754 34
3755 32
3756 43
3757 21
3758 31
3759 32
3760 7
3761 44
3762 7
3763 4
3764 27
3765 7
3766 7
3767 15
3768 7
3769 11
3770 11
3771 49
3772 29
3773 53
3774 8
3775 56
3776 7
3777 49
3778 44
3779 43
3780 32
3781 11
3782 30
3783 37
3784 30
3785 18
3786 30
3787 12
3788 11
3789 50
3790 44
3791 6
3792 27
3793 32
3794 53
3795 27
3796 0
3797 2
3798 55
3799 46
3800 27
3801 29
3802 32
3803 7
3804 27
3805 32
3806 23
3807 32
3808 59
3809 13
3810 44
3811 15
3812 2
3813 53
3814 15
3815 30
3816 27
3817 7
3818 15
3819 49
3820 45
3821 50
3822 15
3823 0
3824 48
3825 29
3826 29
3827 28
3828 45
3829 15
3830 44
3831 25
3832 15
3833 39
3834 0
3835 15
3836 29
3837 37
3838 40
3839 7
3840 23
3841 7
3842 28
3843 28
3844 53
3845 7
3846 53
3847 29
3848 30
3849 45
3850 18
3851 39
3852 14
3853 32
3854 20
3855 37
3856 11
3857 2
3858 40
3859 15
3860 25
3861 32
3862 27
3863 37
3864 30
3865 37
3866 30
3867 27
3868 27
3869 2
3870 27
3871 14
3872 58
3873 27
3874 7
3875 32
3876 14
3877 13
3878 11
3879 30
3880 11
3881 15
3882 37
3883 29
3884 15
3885 29
3886 11
3887 15
3888 15
3889 18
3890 29
3891 37
3892 11
3893 29
3894 30
3895 37
3896 7
3897 11
3898 55
3899 32
3900 46
3901 37
3902 11
3903 43
3904 40
3905 28
3906 26
3907 30
3908 2
3909 11
3910 39
3911 25
3912 11
3913 39
3914 41
3915 22
3916 37
3917 27
3918 32
3919 45
3920 32
3921 7
3922 37
3923 11
3924 33
3925 15
3926 13
3927 30
3928 27
3929 15
3930 39
3931 29
3932 32
3933 28
3934 30
3935 40
3936 59
3937 7
3938 14
3939 11
3940 47
3941 27
3942 8
3943 30
3944 57
3945 32
3946 13
3947 23
3948 7
3949 7
3950 12
3951 15
3952 13
3953 7
3954 23
3955 7
3956 13
3957 31
3958 53
3959 11
3960 37
3961 15
3962 30
3963 13
3964 30
3965 40
3966 9
3967 13
3968 2
3969 27
3970 53
3971 44
3972 7
3973 7
3974 37
3975 5
3976 11
3977 7
3978 13
3979 39
3980 59
3981 53
3982 11
3983 58
3984 15
3985 7
3986 30
3987 29
3988 13
3989 13
3990 37
3991 32
3992 30
3993 18
3994 16
3995 35
3996 35
3997 29
3998 9
3999 43
4000 26
4001 9
4002 36
4003 37
4004 7
4005 35
4006 35
4007 14
4008 27
4009 17
4010 30
4011 29
4012 40
4013 13
4014 29
4015 41
4016 29
4017 37
4018 11
4019 14
4020 7
4021 29
4022 37
4023 7
4024 13
4025 14
4026 13
4027 29
4028 7
4029 20
4030 27
4031 11
4032 17
4033 37
4034 11
4035 7
4036 15
4037 27
4038 27
4039 35
4040 34
4041 13
4042 27
4043 13
4044 38
4045 9
4046 28
4047 30
4048 11
4049 11
4050 30
4051 35
4052 32
4053 7
4054 7
4055 8
4056 28
4057 32
4058 15
4059 16
4060 35
4061 9
4062 29
4063 37
4064 30
4065 11
4066 27
4067 13
4068 10
4069 15
4070 50
4071 13
4072 7
4073 35
4074 15
4075 7
4076 9
4077 37
4078 20
4079 27
4080 32
4081 7
4082 2
4083 47
4084 39
4085 35
4086 37
4087 32
4088 35
4089 27
4090 30
4091 9
4092 14
4093 49
4094 37
4095 26
4096 11
4097 15
4098 31
4099 47
4100 12
4101 33
4102 27
4103 35
4104 29
4105 29
4106 15
4107 30
4108 13
4109 28
4110 12
4111 20
4112 9
4113 11
4114 33
4115 10
4116 11
4117 20
4118 2
4119 14
4120 12
4121 4
4122 35
4123 24
4124 26
4125 29
4126 15
4127 17
4128 15
4129 3
4130 24
4131 35
4132 48
4133 27
4134 37
4135 37
4136 28
4137 52
4138 51
4139 9
4140 38
4141 35
4142 35
4143 18
4144 33
4145 21
4146 11
4147 15
4148 0
4149 21
4150 17
4151 30
4152 35
4153 3
4154 16
4155 51
4156 15
4157 8
4158 47
4159 7
4160 15
4161 37
4162 32
4163 1
4164 29
4165 58
4166 34
4167 37
4168 47
4169 15
4170 0
4171 15
4172 40
4173 36
4174 9
4175 20
4176 32
4177 17
4178 13
4179 15
4180 54
4181 35
4182 43
4183 21
4184 49
4185 13
4186 48
4187 41
4188 30
4189 35
4190 15
4191 41
4192 11
4193 15
4194 28
4195 2
4196 15
4197 42
4198 35
4199 13
4200 21
4201 37
4202 21
4203 38
4204 48
4205 14
4206 11
4207 40
4208 43
4209 15
4210 42
4211 37
4212 41
4213 35
4214 39
4215 9
4216 15
4217 6
4218 7
4219 33
4220 12
4221 16
4222 9
4223 15
4224 12
4225 9
4226 24
4227 12
4228 37
4229 12
4230 45
4231 59
4232 21
4233 11
4234 21
4235 6
4236 43
4237 38
4238 43
4239 29
4240 15
4241 26
4242 7
4243 44
4244 18
4245 11
4246 37
4247 18
4248 9
4249 46
4250 15
4251 29
4252 21
4253 13
4254 9
4255 45
4256 24
4257 21
4258 35
4259 43
4260 10
4261 32
4262 0
4263 43
4264 36
4265 35
4266 53
4267 12
4268 28
4269 9
4270 24
4271 31
4272 6
4273 51
4274 35
4275 15
4276 36
4277 53
4278 43
4279 0
4280 35
4281 35
4282 41
4283 37
4284 22
4285 55
4286 37
4287 53
4288 44
4289 55
4290 53
4291 8
4292 4
4293 9
4294 4
4295 56
4296 13
4297 21
4298 20
4299 37
4300 43
4301 6
4302 50
4303 44
4304 6
4305 18
4306 55
4307 44
4308 2
4309 35
4310 42
4311 0
4312 29
4313 54
4314 15
4315 15
4316 23
4317 36
4318 2
4319 15
4320 44
4321 50
4322 15
4323 0
4324 50
4325 28
4326 33
4327 15
4328 15
4329 33
4330 15
4331 6
4332 54
4333 50
4334 15
4335 50
4336 18
4337 0
4338 13
4339 33
4340 18
4341 18
4342 44
4343 23
4344 22
4345 36
4346 54
4347 0
4348 9
4349 8
4350 15
4351 50
4352 54
4353 53
4354 49
4355 5
4356 28
4357 32
4358 3
4359 18
4360 5
4361 18
4362 15
4363 47
4364 53
4365 0
4366 15
4367 27
4368 0
4369 23
4370 15
4371 28
4372 10
4373 56
4374 11
4375 13
4376 26
4377 12
4378 47
4379 22
4380 53
4381 37
4382 39
4383 15
4384 58
4385 22
4386 11
4387 22
4388 47
4389 53
4390 15
4391 18
4392 39
4393 13
4394 59
4395 14
4396 14
4397 29
4398 15
4399 49
4400 22
4401 6
4402 58
4403 0
4404 29
4405 19
4406 39
4407 16
4408 15
4409 2
4410 14
4411 47
4412 11
4413 15
4414 50
4415 47
4416 14
4417 14
4418 0
4419 39
4420 1
4421 26
4422 18
4423 18
4424 19
4425 17
4426 3
4427 49
4428 25
4429 59
4430 44
4431 2
4432 26
4433 14
4434 26
4435 16
4436 0
4437 13
4438 40
4439 16
4440 41
4441 4
4442 25
4443 29
4444 50
4445 26
4446 27
4447 15
4448 45
4449 29
4450 47
4451 14
4452 8
4453 29
4454 58
4455 42
4456 18
4457 2
4458 3
4459 13
4460 55
4461 22
4462 21
4463 29
4464 15
4465 41
4466 27
4467 27
4468 26
4469 21
4470 0
4471 15
4472 13
4473 27
4474 56
4475 24
4476 44
4477 30
4478 4
4479 52
4480 56
4481 53
4482 15
4483 47
4484 30
4485 2
4486 6
4487 40
4488 43
4489 27
4490 15
4491 9
4492 37
4493 27
4494 15
4495 15
4496 58
4497 6
4498 6
4499 27
4500 37
4501 22
4502 38
4503 48
4504 34
4505 40
4506 30
4507 30
4508 27
4509 23
4510 15
4511 22
4512 18
4513 26
4514 13
4515 33
4516 36
4517 15
4518 14
4519 47
4520 53
4521 20
4522 16
4523 14
4524 13
4525 55
4526 25
4527 15
4528 34
4529 32
4530 49
4531 28
4532 16
4533 35
4534 27
4535 39
4536 22
4537 53
4538 32
4539 14
4540 53
4541 27
4542 29
4543 57
4544 6
4545 42
4546 29
4547 27
4548 15
4549 29
4550 7
4551 30
4552 30
4553 30
4554 56
4555 20
4556 45
4557 53
4558 32
4559 46
4560 8
4561 14
4562 27
4563 59
4564 29
4565 7
4566 44
4567 22
4568 59
4569 22
4570 15
4571 12
4572 39
4573 15
4574 16
4575 2
4576 15
4577 22
4578 0
4579 9
4580 50
4581 33
4582 41
4583 27
4584 11
4585 25
4586 15
4587 28
4588 35
4589 23
4590 27
4591 31
4592 22
4593 44
4594 29
4595 25
4596 30
4597 30
4598 16
4599 20
4600 23
4601 49
4602 27
4603 11
4604 45
4605 12
4606 40
4607 23
4608 39
4609 32
4610 15
4611 38
4612 30
4613 44
4614 54
4615 32
4616 32
4617 15
4618 14
4619 15
4620 12
4621 3
4622 11
4623 32
4624 54
4625 38
4626 15
4627 2
4628 27
4629 32
4630 32
4631 38
4632 32
4633 49
4634 15
4635 12
4636 15
4637 35
4638 27
4639 5
4640 11
4641 4
4642 12
4643 12
4644 7
4645 37
4646 27
4647 32
4648 37
4649 32
4650 21
4651 32
4652 27
4653 27
4654 53
4655 46
4656 21
4657 21
4658 26
4659 29
4660 32
4661 6
4662 12
4663 54
4664 35
4665 15
4666 27
4667 15
4668 15
4669 21
4670 15
4671 16
4672 19
4673 27
4674 9
4675 16
4676 26
4677 37
4678 8
4679 27
4680 27
4681 52
4682 26
4683 8
4684 46
4685 7
4686 19
4687 52
4688 28
4689 15
4690 43
4691 37
4692 29
4693 43
4694 26
4695 44
4696 54
4697 30
4698 55
4699 58
4700 11
4701 32
4702 7
4703 7
4704 16
4705 43
4706 25
4707 29
4708 27
4709 51
4710 27
4711 27
4712 43
4713 38
4714 28
4715 11
4716 29
4717 45
4718 29
4719 28
4720 31
4721 11
4722 44
4723 29
4724 11
4725 45
4726 15
4727 25
4728 32
4729 21
4730 25
4731 15
4732 47
4733 32
4734 6
4735 28
4736 45
4737 27
4738 27
4739 15
4740 32
4741 28
4742 44
4743 44
4744 32
4745 32
4746 41
4747 38
4748 32
4749 15
4750 21
4751 31
4752 43
4753 53
4754 13
4755 29
4756 28
4757 32
4758 32
4759 42
4760 53
4761 27
4762 29
4763 29
4764 37
4765 32
4766 15
4767 27
4768 7
4769 13
4770 32
4771 7
4772 35
4773 15
4774 28
4775 29
4776 29
4777 32
4778 32
4779 18
4780 51
4781 13
4782 16
4783 2
4784 19
4785 15
4786 37
4787 30
4788 15
4789 27
4790 20
4791 30
4792 16
4793 0
4794 29
4795 9
4796 6
4797 27
4798 15
4799 7
4800 11
4801 29
4802 29
4803 30
4804 26
4805 32
4806 29
4807 29
4808 32
4809 28
4810 32
4811 7
4812 30
4813 30
4814 48
4815 53
4816 20
4817 30
4818 29
4819 54
4820 32
4821 7
4822 7
4823 12
4824 2
4825 32
4826 15
4827 19
4828 2
4829 29
4830 32
4831 10
4832 20
4833 7
4834 53
4835 30
4836 45
4837 54
4838 30
4839 43
4840 15
4841 23
4842 15
4843 30
4844 7
4845 43
4846 29
4847 32
4848 2
4849 18
4850 24
4851 7
4852 9
4853 47
4854 7
4855 29
4856 18
4857 18
4858 48
4859 9
4860 30
4861 37
4862 31
4863 32
4864 27
4865 15
4866 29
4867 15
4868 10
4869 0
4870 32
4871 49
4872 9
4873 7
4874 27
4875 37
4876 27
4877 27
4878 30
4879 14
4880 28
4881 18
4882 9
4883 32
4884 37
4885 58
4886 50
4887 7
4888 11
4889 11
4890 37
4891 15
4892 14
4893 29
4894 30
4895 38
4896 38
4897 37
4898 28
4899 7
4900 7
4901 7
4902 30
4903 43
4904 37
4905 32
4906 44
4907 2
4908 32
4909 37
4910 19
4911 29
4912 37
4913 29
4914 29
4915 11
4916 27
4917 7
4918 12
4919 15
4920 15
4921 14
4922 37
4923 37
4924 56
4925 38
4926 19
4927 11
4928 40
4929 27
4930 7
4931 7
4932 27
4933 7
4934 30
4935 32
4936 22
4937 29
4938 37
4939 7
4940 11
4941 53
4942 29
4943 37
4944 32
4945 39
4946 14
4947 4
4948 11
4949 29
4950 32
4951 37
4952 2
4953 43
4954 30
4955 30
4956 10
4957 18
4958 49
4959 44
4960 30
4961 10
4962 27
4963 11
4964 7
4965 14
4966 30
4967 37
4968 37
4969 29
4970 29
4971 56
4972 18
4973 31
4974 27
4975 58
4976 29
4977 50
4978 13
4979 29
4980 15
4981 21
4982 11
4983 30
4984 7
4985 29
4986 43
4987 7
4988 49
4989 39
4990 6
4991 29
4992 37
4993 36
4994 37
4995 11
4996 34
4997 34
4998 39
4999 4
