0 0
1 1
2 2
3 3
4 4
5 5
6 6
7 7
8 8
9 9
10 1
11 10
12 11
13 12
14 13
15 14
16 15
17 16
18 17
19 18
20 6
21 19
22 1
23 1
24 20
25 1
26 13
27 21
28 21
29 22
30 8
31 2
32 1
33 23
34 24
35 17
36 21
37 7
38 5
39 25
40 15
41 25
42 24
43 26
44 3
45 16
46 21
47 21
48 8
49 6
50 24
51 27
52 7
53 28
54 19
55 24
56 19
57 16
58 4
59 7
60 13
61 21
62 4
63 29
64 17
65 30
66 9
67 2
68 1
69 22
70 17
71 7
72 28
73 1
74 28
75 28
76 9
77 25
78 1
79 20
80 30
81 17
82 7
83 27
84 31
85 24
86 24
87 19
88 16
89 32
90 33
91 27
92 34
93 12
94 4
95 24
96 16
97 17
98 20
99 16
100 10
101 5
102 9
103 11
104 30
105 23
106 33
107 33
108 9
109 31
110 13
111 17
112 10
113 13
114 9
115 17
116 24
117 1
118 17
119 17
120 28
121 26
122 33
123 33
124 16
125 35
126 7
127 21
128 25
129 28
130 16
131 22
132 21
133 32
134 31
135 30
136 28
137 1
138 21
139 21
140 16
141 30
142 24
143 27
144 22
145 35
146 17
147 35
148 22
149 3
150 28
151 7
152 7
153 33
154 25
155 31
156 20
157 17
158 31
159 36
160 30
161 17
162 9
163 16
164 15
165 15
166 14
167 35
168 31
169 28
170 28
171 28
172 35
173 30
174 37
175 21
176 35
177 35
178 24
179 30
180 29
181 16
182 2
183 8
184 17
185 19
186 6
187 21
188 21
189 32
190 35
191 20
192 3
193 25
194 3
195 17
196 16
197 38
198 1
199 35
200 36
201 19
202 16
203 12
204 2
205 33
206 18
207 17
208 31
209 1
210 17
211 35
212 28
213 34
214 25
215 11
216 28
217 37
218 30
219 35
220 2
221 2
222 1
223 7
224 4
225 21
226 17
227 3
228 28
229 28
230 30
231 19
232 19
233 31
234 17
235 28
236 17
237 2
238 2
239 35
240 3
241 35
242 5
243 17
244 11
245 25
246 31
247 28
248 28
249 2
250 35
251 17
252 25
253 31
254 28
255 25
256 21
257 1
258 33
259 28
260 35
261 19
262 2
263 7
264 28
265 28
266 28
267 2
268 20
269 16
270 3
271 39
272 35
273 6
274 19
275 29
276 25
277 20
278 7
279 35
280 0
281 21
282 17
283 17
284 28
285 35
286 6
287 1
288 30
289 13
290 19
291 2
292 20
293 25
294 17
295 3
296 16
297 35
298 36
299 25
300 1
301 28
302 7
303 30
304 17
305 6
306 37
307 28
308 30
309 4
310 40
311 4
312 6
313 7
314 21
315 19
316 25
317 23
318 30
319 38
320 30
321 16
322 33
323 5
324 16
325 29
326 28
327 41
328 1
329 35
330 17
331 42
332 35
333 26
334 7
335 33
336 11
337 32
338 1
339 29
340 21
341 28
342 30
343 3
344 7
345 12
346 8
347 19
348 14
349 26
350 28
351 28
352 12
353 17
354 14
355 1
356 30
357 12
358 28
359 20
360 16
361 17
362 19
363 32
364 19
365 9
366 25
367 28
368 42
369 33
370 9
371 1
372 31
373 8
374 33
375 21
376 8
377 25
378 30
379 28
380 9
381 20
382 41
383 28
384 29
385 36
386 17
387 19
388 9
389 14
390 21
391 6
392 28
393 20
394 6
395 21
396 16
397 35
398 8
399 9
400 8
401 28
402 24
403 9
404 9
405 9
406 28
407 35
408 2
409 8
410 14
411 28
412 8
413 8
414 30
415 30
416 37
417 8
418 16
419 14
420 24
421 28
422 9
423 30
424 9
425 35
426 10
427 40
428 11
429 15
430 5
431 12
432 25
433 8
434 35
435 16
436 28
437 40
438 16
439 6
440 8
441 2
442 35
443 8
444 28
445 21
446 25
447 28
448 7
449 38
450 15
451 31
452 3
453 9
454 11
455 9
456 11
457 6
458 13
459 24
460 8
461 3
462 16
463 35
464 33
465 13
466 14
467 36
468 29
469 13
470 13
471 24
472 13
473 8
474 30
475 17
476 17
477 8
478 35
479 6
480 14
481 5
482 28
483 8
484 9
485 17
486 30
487 35
488 19
489 8
490 15
491 8
492 13
493 17
494 32
495 19
496 8
497 15
498 28
499 36
500 22
501 21
502 16
503 28
504 1
505 33
506 13
507 1
508 8
509 9
510 35
511 1
512 8
513 1
514 13
515 35
516 35
517 24
518 13
519 9
520 42
521 28
522 27
523 5
524 17
525 37
526 27
527 30
528 20
529 17
530 34
531 13
532 24
533 8
534 35
535 7
536 16
537 24
538 8
539 12
540 30
541 15
542 28
543 26
544 5
545 9
546 35
547 30
548 1
549 29
550 15
551 35
552 40
553 17
554 28
555 30
556 34
557 22
558 40
559 19
560 28
561 8
562 16
563 8
564 4
565 15
566 1
567 24
568 8
569 23
570 14
571 16
572 4
573 28
574 13
575 12
576 8
577 43
578 28
579 28
580 28
581 9
582 21
583 41
584 27
585 29
586 5
587 28
588 42
589 9
590 26
591 33
592 28
593 12
594 24
595 21
596 15
597 31
598 31
599 43
600 8
601 24
602 12
603 38
604 13
605 12
606 8
607 10
608 17
609 35
610 30
611 26
612 26
613 6
614 24
615 17
616 24
617 20
618 28
619 16
620 25
621 40
622 32
623 25
624 14
625 8
626 39
627 8
628 19
629 8
630 28
631 16
632 6
633 37
634 13
635 37
636 2
637 32
638 35
639 26
640 37
641 35
642 13
643 14
644 28
645 0
646 15
647 24
648 28
649 32
650 25
651 13
652 10
653 12
654 18
655 25
656 25
657 37
658 14
659 11
660 42
661 25
662 38
663 35
664 26
665 8
666 42
667 31
668 36
669 13
670 25
671 28
672 30
673 38
674 40
675 31
676 17
677 31
678 25
679 25
680 30
681 25
682 36
683 41
684 17
685 39
686 33
687 25
688 28
689 14
690 27
691 20
692 33
693 16
694 14
695 19
696 31
697 2
698 28
699 28
700 35
701 20
702 23
703 20
704 33
705 33
706 29
707 19
708 24
709 29
710 20
711 2
712 7
713 9
714 36
715 33
716 2
717 7
718 20
719 29
720 2
721 40
722 25
723 20
724 28
725 8
726 33
727 33
728 21
729 8
730 15
731 14
732 41
733 8
734 3
735 13
736 28
737 8
738 25
739 8
740 8
741 25
742 15
743 30
744 29
745 21
746 7
747 11
748 7
749 25
750 25
751 9
752 28
753 19
754 36
755 7
756 2
757 25
758 42
759 35
760 25
761 7
762 13
763 17
764 20
765 30
766 31
767 17
768 20
769 8
770 7
771 15
772 0
773 7
774 33
775 22
776 27
777 7
778 5
779 7
780 11
781 20
782 7
783 42
784 31
785 7
786 8
787 5
788 22
789 31
790 29
791 20
792 36
793 17
794 25
795 16
796 25
797 8
798 25
799 41
800 34
801 25
802 28
803 13
804 12
805 43
806 31
807 26
808 31
809 28
810 28
811 41
812 28
813 13
814 25
815 43
816 42
817 29
818 7
819 13
820 41
821 42
822 21
823 4
824 12
825 21
826 28
827 21
828 25
829 31
830 33
831 7
832 4
833 25
834 28
835 0
836 5
837 30
838 20
839 1
840 33
841 33
842 21
843 25
844 8
845 31
846 20
847 19
848 7
849 33
850 13
851 20
852 33
853 33
854 20
855 25
856 29
857 13
858 9
859 33
860 26
861 1
862 25
863 21
864 8
865 43
866 20
867 1
868 9
869 3
870 23
871 22
872 21
873 33
874 30
875 7
876 7
877 33
878 12
879 28
880 1
881 40
882 8
883 25
884 4
885 28
886 34
887 8
888 33
889 7
890 20
891 33
892 37
893 25
894 21
895 21
896 33
897 28
898 2
899 26
900 20
901 20
902 25
903 20
904 23
905 1
906 9
907 10
908 12
909 33
910 1
911 24
912 8
913 21
914 21
915 11
916 28
917 16
918 39
919 10
920 21
921 7
922 7
923 21
924 17
925 40
926 19
927 1
928 19
929 1
930 33
931 33
932 20
933 28
934 7
935 7
936 25
937 28
938 15
939 8
940 6
941 25
942 14
943 9
944 24
945 24
946 20
947 21
948 7
949 33
950 16
951 17
952 19
953 21
954 16
955 25
956 2
957 15
958 21
959 1
960 7
961 1
962 28
963 16
964 28
965 16
966 24
967 25
968 33
969 20
970 13
971 19
972 17
973 30
974 16
975 16
976 21
977 30
978 20
979 6
980 28
981 20
982 25
983 20
984 8
985 8
986 30
987 8
988 8
989 19
990 21
991 20
992 20
993 1
994 25
995 28
996 1
997 8
998 33
999 7
1000 28
1001 28
1002 16
1003 30
1004 13
1005 8
1006 30
1007 25
1008 16
1009 7
1010 33
1011 25
1012 1
1013 42
1014 1
1015 19
1016 25
1017 20
1018 25
1019 21
1020 33
1021 25
1022 1
1023 28
1024 7
1025 22
1026 33
1027 14
1028 1
1029 9
1030 33
1031 1
1032 7
1033 7
1034 10
1035 11
1036 1
1037 17
1038 17
1039 29
1040 24
1041 1
1042 2
1043 13
1044 13
1045 12
1046 8
1047 33
1048 1
1049 20
1050 5
1051 16
1052 13
1053 1
1054 30
1055 1
1056 20
1057 20
1058 15
1059 25
1060 9
1061 9
1062 9
1063 29
1064 25
1065 19
1066 20
1067 7
1068 7
1069 33
1070 17
1071 9
1072 15
1073 30
1074 33
1075 19
1076 30
1077 30
1078 16
1079 28
1080 26
1081 16
1082 33
1083 20
1084 16
1085 38
1086 19
1087 30
1088 7
1089 26
1090 9
1091 6
1092 19
1093 28
1094 16
1095 20
1096 28
1097 28
1098 8
1099 27
1100 20
1101 20
1102 13
1103 19
1104 17
1105 8
1106 28
1107 40
1108 31
1109 33
1110 20
1111 16
1112 28
1113 7
1114 32
1115 7
1116 30
1117 33
1118 43
1119 8
1120 34
1121 1
1122 8
1123 30
1124 33
1125 33
1126 8
1127 20
1128 18
1129 1
1130 21
1131 17
1132 19
1133 16
1134 19
1135 20
1136 7
1137 1
1138 20
1139 33
1140 33
1141 28
1142 8
1143 33
1144 7
1145 1
1146 19
1147 42
1148 1
1149 19
1150 8
1151 33
1152 30
1153 28
1154 16
1155 8
1156 20
1157 16
1158 21
1159 28
1160 33
1161 8
1162 16
1163 35
1164 16
1165 19
1166 35
1167 11
1168 37
1169 30
1170 20
1171 28
1172 20
1173 1
1174 1
1175 30
1176 20
1177 1
1178 17
1179 21
1180 16
1181 20
1182 19
1183 24
1184 28
1185 21
1186 30
1187 28
1188 19
1189 31
1190 31
1191 20
1192 17
1193 15
1194 16
1195 1
1196 32
1197 36
1198 20
1199 7
1200 19
1201 14
1202 19
1203 8
1204 8
1205 16
1206 2
1207 2
1208 20
1209 33
1210 35
1211 33
1212 19
1213 30
1214 1
1215 19
1216 28
1217 33
1218 16
1219 33
1220 8
1221 16
1222 30
1223 16
1224 19
1225 33
1226 2
1227 1
1228 33
1229 17
1230 20
1231 23
1232 20
1233 16
1234 1
1235 41
1236 19
1237 31
1238 18
1239 19
1240 21
1241 12
1242 19
1243 8
1244 33
1245 33
1246 8
1247 33
1248 5
1249 30
1250 33
1251 35
1252 30
1253 28
1254 28
1255 20
1256 28
1257 5
1258 28
1259 1
1260 21
1261 30
1262 8
1263 20
1264 35
1265 20
1266 17
1267 20
1268 16
1269 1
1270 29
1271 31
1272 35
1273 19
1274 21
1275 8
1276 20
1277 28
1278 16
1279 35
1280 8
1281 19
1282 35
1283 16
1284 17
1285 33
1286 2
1287 34
1288 33
1289 28
1290 16
1291 21
1292 33
1293 29
1294 35
1295 8
1296 19
1297 16
1298 28
1299 30
1300 6
1301 42
1302 17
1303 33
1304 19
1305 38
1306 1
1307 21
1308 8
1309 16
1310 20
1311 25
1312 28
1313 8
1314 20
1315 8
1316 8
1317 16
1318 30
1319 19
1320 13
1321 17
1322 19
1323 1
1324 6
1325 8
1326 16
1327 12
1328 28
1329 33
1330 19
1331 1
1332 3
1333 8
1334 14
1335 33
1336 33
1337 28
1338 8
1339 8
1340 20
1341 16
1342 25
1343 35
1344 28
1345 33
1346 28
1347 1
1348 1
1349 19
1350 1
1351 35
1352 19
1353 2
1354 13
1355 43
1356 19
1357 19
1358 28
1359 29
1360 1
1361 31
1362 19
1363 16
1364 35
1365 20
1366 6
1367 19
1368 30
1369 31
1370 30
1371 7
1372 17
1373 6
1374 35
1375 14
1376 10
1377 19
1378 20
1379 35
1380 36
1381 1
1382 28
1383 8
1384 41
1385 22
1386 6
1387 8
1388 40
1389 8
1390 28
1391 9
1392 20
1393 19
1394 20
1395 36
1396 8
1397 1
1398 9
1399 20
1400 33
1401 35
1402 19
1403 20
1404 8
1405 1
1406 16
1407 28
1408 20
1409 1
1410 19
1411 1
1412 2
1413 1
1414 9
1415 4
1416 20
1417 33
1418 28
1419 20
1420 39
1421 30
1422 9
1423 24
1424 8
1425 20
1426 9
1427 16
1428 33
1429 28
1430 16
1431 8
1432 9
1433 19
1434 10
1435 16
1436 33
1437 16
1438 40
1439 6
1440 8
1441 30
1442 9
1443 12
1444 35
1445 7
1446 9
1447 33
1448 8
1449 1
1450 15
1451 9
1452 28
1453 28
1454 33
1455 16
1456 8
1457 33
1458 16
1459 33
1460 9
1461 28
1462 1
1463 25
1464 9
1465 1
1466 14
1467 6
1468 20
1469 17
1470 1
1471 8
1472 20
1473 24
1474 16
1475 17
1476 19
1477 1
1478 13
1479 8
1480 24
1481 20
1482 16
1483 8
1484 33
1485 6
1486 16
1487 6
1488 23
1489 20
1490 9
1491 1
1492 18
1493 19
1494 29
1495 5
1496 28
1497 19
1498 20
1499 1
1500 20
1501 28
1502 10
1503 15
1504 9
1505 5
1506 13
1507 16
1508 4
1509 6
1510 20
1511 28
1512 29
1513 33
1514 16
1515 16
1516 33
1517 1
1518 33
1519 8
1520 40
1521 36
1522 33
1523 17
1524 6
1525 15
1526 16
1527 22
1528 19
1529 20
1530 20
1531 19
1532 42
1533 9
1534 8
1535 28
1536 11
1537 16
1538 20
1539 11
1540 6
1541 6
1542 24
1543 28
1544 0
1545 13
1546 28
1547 7
1548 5
1549 16
1550 29
1551 1
1552 17
1553 17
1554 19
1555 35
1556 14
1557 20
1558 8
1559 20
1560 28
1561 7
1562 20
1563 28
1564 19
1565 33
1566 40
1567 1
1568 28
1569 20
1570 9
1571 8
1572 19
1573 1
1574 16
1575 33
1576 24
1577 6
1578 1
1579 33
1580 29
1581 8
1582 20
1583 30
1584 33
1585 5
1586 33
1587 8
1588 20
1589 19
1590 1
1591 20
1592 17
1593 1
1594 20
1595 16
1596 12
1597 20
1598 16
1599 33
1600 28
1601 20
1602 1
1603 43
1604 42
1605 19
1606 16
1607 19
1608 13
1609 8
1610 8
1611 24
1612 1
1613 28
1614 8
1615 19
1616 16
1617 31
1618 28
1619 4
1620 8
1621 20
1622 43
1623 20
1624 31
1625 30
1626 31
1627 3
1628 33
1629 42
1630 33
1631 28
1632 1
1633 20
1634 30
1635 16
1636 40
1637 41
1638 28
1639 33
1640 8
1641 30
1642 20
1643 19
1644 8
1645 20
1646 24
1647 9
1648 19
1649 3
1650 31
1651 25
1652 28
1653 31
1654 8
1655 8
1656 26
1657 19
1658 8
1659 28
1660 33
1661 1
1662 33
1663 20
1664 1
1665 20
1666 37
1667 1
1668 19
1669 8
1670 20
1671 1
1672 28
1673 28
1674 25
1675 25
1676 25
1677 24
1678 28
1679 33
1680 8
1681 24
1682 20
1683 8
1684 19
1685 25
1686 20
1687 33
1688 34
1689 25
1690 25
1691 25
1692 36
1693 20
1694 36
1695 8
1696 31
1697 16
1698 25
1699 8
1700 19
1701 19
1702 36
1703 8
1704 31
1705 8
1706 33
1707 19
1708 25
1709 16
1710 19
1711 17
1712 12
1713 4
1714 1
1715 10
1716 19
1717 1
1718 28
1719 8
1720 39
1721 28
1722 16
1723 16
1724 25
1725 20
1726 28
1727 28
1728 43
1729 8
1730 24
1731 16
1732 42
1733 31
1734 21
1735 8
1736 28
1737 4
1738 36
1739 28
1740 16
1741 19
1742 16
1743 1
1744 16
1745 7
1746 2
1747 25
1748 35
1749 33
1750 7
1751 31
1752 33
1753 20
1754 38
1755 7
1756 28
1757 7
1758 28
1759 7
1760 15
1761 1
1762 28
1763 16
1764 8
1765 7
1766 8
1767 2
1768 28
1769 36
1770 19
1771 7
1772 20
1773 8
1774 8
1775 16
1776 19
1777 19
1778 28
1779 19
1780 16
1781 2
1782 16
1783 38
1784 42
1785 33
1786 8
1787 20
1788 9
1789 19
1790 20
1791 8
1792 25
1793 20
1794 40
1795 25
1796 5
1797 19
1798 15
1799 19
1800 7
1801 1
1802 19
1803 8
1804 25
1805 1
1806 20
1807 20
1808 28
1809 1
1810 16
1811 2
1812 1
1813 18
1814 8
1815 19
1816 7
1817 33
1818 33
1819 1
1820 28
1821 7
1822 7
1823 34
1824 39
1825 33
1826 28
1827 25
1828 25
1829 28
1830 7
1831 25
1832 17
1833 1
1834 20
1835 19
1836 33
1837 36
1838 33
1839 19
1840 20
1841 28
1842 25
1843 41
1844 28
1845 20
1846 1
1847 21
1848 1
1849 28
1850 43
1851 28
1852 33
1853 29
1854 28
1855 29
1856 6
1857 7
1858 28
1859 5
1860 1
1861 20
1862 20
1863 25
1864 8
1865 7
1866 8
1867 20
1868 7
1869 33
1870 1
1871 41
1872 4
1873 7
1874 25
1875 34
1876 25
1877 33
1878 16
1879 19
1880 1
1881 20
1882 1
1883 28
1884 25
1885 43
1886 28
1887 42
1888 6
1889 16
1890 16
1891 8
1892 42
1893 4
1894 9
1895 28
1896 25
1897 8
1898 1
1899 19
1900 20
1901 1
1902 33
1903 1
1904 8
1905 2
1906 21
1907 28
1908 1
1909 19
1910 16
1911 1
1912 35
1913 8
1914 26
1915 20
1916 1
1917 17
1918 16
1919 42
1920 20
1921 1
1922 16
1923 33
1924 7
1925 25
1926 20
1927 25
1928 1
1929 5
1930 7
1931 20
1932 20
1933 8
1934 21
1935 25
1936 7
1937 33
1938 1
1939 1
1940 20
1941 16
1942 7
1943 33
1944 40
1945 28
1946 19
1947 8
1948 1
1949 33
1950 20
1951 21
1952 24
1953 24
1954 25
1955 19
1956 4
1957 25
1958 22
1959 21
1960 8
1961 7
1962 33
1963 19
1964 16
1965 20
1966 6
1967 33
1968 1
1969 30
1970 19
1971 21
1972 7
1973 30
1974 9
1975 7
1976 21
1977 17
1978 17
1979 16
1980 7
1981 16
1982 21
1983 30
1984 16
1985 1
1986 21
1987 21
1988 7
1989 24
1990 21
1991 1
1992 16
1993 28
1994 30
1995 17
1996 8
1997 7
1998 20
1999 16
2000 25
2001 20
2002 21
2003 33
2004 30
2005 8
2006 16
2007 20
2008 8
2009 0
2010 17
2011 7
2012 13
2013 19
2014 6
2015 7
2016 28
2017 19
2018 29
2019 20
2020 8
2021 1
2022 25
2023 17
2024 21
2025 17
2026 8
2027 28
2028 16
2029 1
2030 16
2031 19
2032 28
2033 25
2034 16
2035 25
2036 8
2037 28
2038 33
2039 8
2040 33
2041 8
2042 21
2043 21
2044 33
2045 17
2046 6
2047 8
2048 16
2049 13
2050 17
2051 2
2052 33
2053 7
2054 24
2055 25
2056 16
2057 28
2058 14
2059 13
2060 27
2061 5
2062 19
2063 30
2064 28
2065 17
2066 13
2067 1
2068 21
2069 28
2070 14
2071 37
2072 17
2073 28
2074 13
2075 28
2076 1
2077 11
2078 30
2079 28
2080 13
2081 30
2082 42
2083 33
2084 19
2085 20
2086 13
2087 33
2088 25
2089 19
2090 42
2091 1
2092 17
2093 39
2094 30
2095 16
2096 21
2097 9
2098 17
2099 30
2100 21
2101 30
2102 12
2103 13
2104 17
2105 1
2106 33
2107 24
2108 17
2109 1
2110 1
2111 21
2112 7
2113 16
2114 1
2115 19
2116 38
2117 28
2118 1
2119 42
2120 17
2121 19
2122 13
2123 5
2124 18
2125 31
2126 17
2127 31
2128 28
2129 13
2130 33
2131 10
2132 33
2133 17
2134 8
2135 5
2136 28
2137 9
2138 16
2139 6
2140 16
2141 3
2142 23
2143 19
2144 33
2145 12
2146 1
2147 21
2148 37
2149 29
2150 17
2151 26
2152 31
2153 21
2154 25
2155 20
2156 24
2157 21
2158 25
2159 1
2160 17
2161 21
2162 24
2163 25
2164 26
2165 35
2166 21
2167 35
2168 19
2169 21
2170 17
2171 28
2172 21
2173 12
2174 25
2175 16
2176 1
2177 30
2178 22
2179 17
2180 28
2181 33
2182 16
2183 1
2184 30
2185 16
2186 40
2187 21
2188 27
2189 25
2190 8
2191 6
2192 16
2193 37
2194 13
2195 17
2196 30
2197 31
2198 31
2199 20
2200 10
2201 35
2202 33
2203 5
2204 31
2205 1
2206 4
2207 25
2208 9
2209 17
2210 30
2211 30
2212 1
2213 30
2214 36
2215 21
2216 8
2217 1
2218 1
2219 7
2220 38
2221 37
2222 14
2223 23
2224 21
2225 7
2226 25
2227 31
2228 28
2229 21
2230 25
2231 28
2232 21
2233 28
2234 28
2235 28
2236 17
2237 24
2238 35
2239 2
2240 41
2241 35
2242 3
2243 30
2244 13
2245 17
2246 28
2247 2
2248 19
2249 25
2250 17
2251 25
2252 30
2253 31
2254 2
2255 25
2256 2
2257 31
2258 21
2259 31
2260 11
2261 16
2262 17
2263 25
2264 19
2265 17
2266 19
2267 28
2268 9
2269 16
2270 28
2271 33
2272 41
2273 1
2274 35
2275 41
2276 2
2277 13
2278 17
2279 33
2280 30
2281 36
2282 25
2283 17
2284 14
2285 28
2286 35
2287 30
2288 1
2289 28
2290 39
2291 34
2292 21
2293 31
2294 2
2295 33
2296 28
2297 16
2298 27
2299 22
2300 7
2301 40
2302 29
2303 2
2304 42
2305 28
2306 1
2307 36
2308 9
2309 14
2310 19
2311 7
2312 28
2313 42
2314 11
2315 16
2316 21
2317 10
2318 33
2319 28
2320 2
2321 28
2322 22
2323 18
2324 15
2325 25
2326 8
2327 30
2328 5
2329 0
2330 35
2331 7
2332 3
2333 28
2334 28
2335 13
2336 14
2337 30
2338 2
2339 30
2340 24
2341 19
2342 3
2343 35
2344 29
2345 42
2346 28
2347 16
2348 29
2349 25
2350 17
2351 6
2352 42
2353 7
2354 36
2355 28
2356 5
2357 28
2358 30
2359 28
2360 42
2361 36
2362 12
2363 36
2364 25
2365 6
2366 26
2367 7
2368 17
2369 11
2370 5
2371 28
2372 6
2373 28
2374 1
2375 33
2376 7
2377 19
2378 8
2379 15
2380 28
2381 10
2382 1
2383 7
2384 21
2385 17
2386 1
2387 32
2388 30
2389 1
2390 7
2391 31
2392 35
2393 19
2394 29
2395 8
2396 8
2397 12
2398 32
2399 36
2400 20
2401 7
2402 21
2403 25
2404 4
2405 8
2406 6
2407 37
2408 8
2409 30
2410 11
2411 9
2412 33
2413 8
2414 18
2415 26
2416 36
2417 8
2418 17
2419 30
2420 7
2421 25
2422 8
2423 28
2424 30
2425 35
2426 16
2427 20
2428 29
2429 40
2430 36
2431 6
2432 42
2433 30
2434 10
2435 22
2436 16
2437 33
2438 39
2439 14
2440 14
2441 8
2442 16
2443 30
2444 9
2445 21
2446 6
2447 9
2448 28
2449 38
2450 30
2451 28
2452 14
2453 8
2454 20
2455 35
2456 28
2457 8
2458 11
2459 6
2460 42
2461 16
2462 33
2463 8
2464 8
2465 17
2466 35
2467 16
2468 30
2469 23
2470 17
2471 8
2472 33
2473 30
2474 40
2475 28
2476 4
2477 14
2478 24
2479 38
2480 17
2481 32
2482 24
2483 20
2484 19
2485 6
2486 39
2487 8
2488 30
2489 8
2490 35
2491 9
2492 15
2493 40
2494 28
2495 8
2496 28
2497 21
2498 8
2499 20
2500 19
2501 8
2502 11
2503 28
2504 15
2505 30
2506 13
2507 21
2508 30
2509 28
2510 24
2511 9
2512 7
2513 30
2514 13
2515 29
2516 27
2517 18
2518 31
2519 9
2520 34
2521 8
2522 24
2523 8
2524 24
2525 28
2526 24
2527 16
2528 24
2529 2
2530 1
2531 31
2532 36
2533 8
2534 8
2535 11
2536 28
2537 13
2538 3
2539 13
2540 13
2541 7
2542 39
2543 17
2544 16
2545 28
2546 10
2547 15
2548 32
2549 22
2550 7
2551 28
2552 38
2553 8
2554 5
2555 19
2556 24
2557 2
2558 13
2559 38
2560 19
2561 8
2562 19
2563 22
2564 24
2565 3
2566 8
2567 10
2568 16
2569 19
2570 28
2571 11
2572 24
2573 1
2574 20
2575 9
2576 21
2577 36
2578 39
2579 24
2580 9
2581 5
2582 28
2583 37
2584 12
2585 28
2586 28
2587 8
2588 8
2589 8
2590 19
2591 8
2592 28
2593 28
2594 30
2595 20
2596 8
2597 17
2598 17
2599 15
2600 12
2601 2
2602 13
2603 15
2604 24
2605 17
2606 8
2607 35
2608 5
2609 21
2610 1
2611 28
2612 28
2613 24
2614 7
2615 20
2616 35
2617 26
2618 16
2619 21
2620 35
2621 7
2622 38
2623 16
2624 28
2625 19
2626 28
2627 24
2628 33
2629 17
2630 8
2631 28
2632 9
2633 43
2634 43
2635 26
2636 4
2637 18
2638 8
2639 6
2640 31
2641 8
2642 20
2643 8
2644 30
2645 28
2646 28
2647 28
2648 9
2649 32
2650 13
2651 17
2652 15
2653 23
2654 10
2655 9
2656 19
2657 28
2658 15
2659 30
2660 35
2661 8
2662 34
2663 35
2664 40
2665 37
2666 9
2667 37
2668 28
2669 41
2670 0
2671 25
2672 8
2673 13
2674 17
2675 5
2676 22
2677 1
2678 28
2679 31
2680 27
2681 14
2682 28
2683 14
2684 1
2685 31
2686 8
2687 37
2688 22
2689 18
2690 40
2691 31
2692 31
2693 37
2694 0
2695 10
2696 28
2697 25
2698 25
2699 28
2700 30
2701 36
2702 14
2703 25
2704 28
2705 35
2706 14
2707 38
2708 37
2709 8
2710 8
2711 4
2712 25
2713 37
2714 1
2715 28
2716 8
2717 9
2718 31
2719 33
2720 37
2721 36
2722 9
2723 36
2724 25
2725 19
2726 25
2727 11
2728 11
2729 33
2730 23
2731 33
2732 8
2733 13
2734 24
2735 23
2736 38
2737 25
2738 24
2739 31
2740 20
2741 28
2742 25
2743 33
2744 32
2745 11
2746 2
2747 33
2748 28
2749 36
2750 25
2751 14
2752 7
2753 33
2754 13
2755 7
2756 33
2757 7
2758 3
2759 33
2760 25
2761 25
2762 15
2763 13
2764 25
2765 31
2766 2
2767 36
2768 40
2769 28
2770 35
2771 33
2772 37
2773 18
2774 25
2775 7
2776 7
2777 15
2778 33
2779 15
2780 1
2781 20
2782 29
2783 25
2784 22
2785 20
2786 28
2787 35
2788 37
2789 20
2790 20
2791 33
2792 8
2793 33
2794 7
2795 25
2796 40
2797 25
2798 36
2799 8
2800 25
2801 25
2802 33
2803 33
2804 15
2805 11
2806 7
2807 7
2808 36
2809 42
2810 25
2811 40
2812 20
2813 35
2814 33
2815 25
2816 30
2817 28
2818 33
2819 17
2820 7
2821 4
2822 7
2823 24
2824 28
2825 28
2826 26
2827 28
2828 33
2829 31
2830 20
2831 3
2832 2
2833 20
2834 20
2835 11
2836 29
2837 28
2838 24
2839 28
2840 31
2841 28
2842 8
2843 8
2844 29
2845 25
2846 5
2847 7
2848 2
2849 38
2850 33
2851 30
2852 33
2853 6
2854 28
2855 20
2856 15
2857 35
2858 33
2859 40
2860 26
2861 33
2862 8
2863 7
2864 8
2865 20
2866 25
2867 31
2868 33
2869 21
2870 29
2871 0
2872 33
2873 16
2874 25
2875 33
2876 2
2877 21
2878 21
2879 25
2880 16
2881 21
2882 35
2883 23
2884 8
2885 7
2886 18
2887 25
2888 8
2889 8
2890 7
2891 33
2892 12
2893 33
2894 36
2895 28
2896 20
2897 33
2898 10
2899 28
2900 15
2901 25
2902 0
2903 31
2904 38
2905 28
2906 13
2907 7
2908 1
2909 7
2910 25
2911 18
2912 1
2913 25
2914 2
2915 28
2916 28
2917 13
2918 7
2919 28
2920 7
2921 36
2922 21
2923 8
2924 34
2925 8
2926 21
2927 28
2928 30
2929 28
2930 20
2931 8
2932 4
2933 1
2934 33
2935 25
2936 8
2937 20
2938 8
2939 8
2940 43
2941 21
2942 33
2943 25
2944 21
2945 8
2946 20
2947 33
2948 25
2949 20
2950 8
2951 25
2952 16
2953 37
2954 21
2955 21
2956 24
2957 16
2958 28
2959 7
2960 16
2961 25
2962 25
2963 33
2964 8
2965 1
2966 14
2967 19
2968 22
2969 28
2970 33
2971 9
2972 7
2973 19
2974 28
2975 16
2976 28
2977 31
2978 16
2979 8
2980 2
2981 1
2982 7
2983 16
2984 25
2985 16
2986 28
2987 19
2988 28
2989 17
2990 7
2991 40
2992 17
2993 20
2994 33
2995 20
2996 8
2997 28
2998 30
2999 17
3000 29
3001 33
3002 13
3003 30
3004 16
3005 19
3006 16
3007 16
3008 25
3009 33
3010 30
3011 11
3012 33
3013 24
3014 17
3015 1
3016 17
3017 24
3018 19
3019 7
3020 30
3021 33
3022 19
3023 17
3024 28
3025 19
3026 25
3027 20
3028 25
3029 34
3030 28
3031 37
3032 8
3033 16
3034 25
3035 8
3036 15
3037 33
3038 7
3039 8
3040 17
3041 33
3042 19
3043 21
3044 0
3045 19
3046 7
3047 25
3048 16
3049 30
3050 7
3051 1
3052 33
3053 25
3054 20
3055 20
3056 7
3057 21
3058 11
3059 8
3060 16
3061 17
3062 7
3063 20
3064 28
3065 8
3066 1
3067 25
3068 28
3069 21
3070 6
3071 33
3072 16
3073 30
3074 30
3075 1
3076 25
3077 28
3078 19
3079 13
3080 19
3081 1
3082 17
3083 30
3084 33
3085 7
3086 28
3087 20
3088 30
3089 2
3090 1
3091 28
3092 21
3093 16
3094 28
3095 1
3096 30
3097 6
3098 16
3099 8
3100 16
3101 20
3102 16
3103 20
3104 16
3105 20
3106 33
3107 20
3108 28
3109 28
3110 20
3111 28
3112 17
3113 8
3114 9
3115 28
3116 20
3117 1
3118 26
3119 16
3120 9
3121 19
3122 1
3123 28
3124 20
3125 4
3126 17
3127 7
3128 28
3129 19
3130 20
3131 17
3132 8
3133 8
3134 33
3135 17
3136 8
3137 9
3138 33
3139 17
3140 16
3141 33
3142 8
3143 20
3144 9
3145 5
3146 17
3147 32
3148 16
3149 19
3150 1
3151 43
3152 16
3153 28
3154 20
3155 8
3156 25
3157 33
3158 19
3159 21
3160 19
3161 13
3162 30
3163 16
3164 17
3165 8
3166 15
3167 20
3168 43
3169 8
3170 16
3171 20
3172 1
3173 31
3174 8
3175 33
3176 8
3177 19
3178 35
3179 8
3180 8
3181 19
3182 33
3183 1
3184 28
3185 1
3186 20
3187 19
3188 33
3189 28
3190 33
3191 16
3192 8
3193 33
3194 30
3195 1
3196 33
3197 8
3198 25
3199 8
3200 43
3201 8
3202 19
3203 33
3204 19
3205 17
3206 20
3207 35
3208 19
3209 25
3210 20
3211 33
3212 24
3213 1
3214 20
3215 1
3216 8
3217 8
3218 21
3219 16
3220 7
3221 19
3222 1
3223 1
3224 28
3225 20
3226 19
3227 1
3228 40
3229 4
3230 17
3231 28
3232 33
3233 1
3234 1
3235 17
3236 33
3237 7
3238 19
3239 33
3240 21
3241 8
3242 1
3243 19
3244 33
3245 8
3246 19
3247 8
3248 16
3249 16
3250 28
3251 16
3252 8
3253 19
3254 33
3255 1
3256 33
3257 28
3258 20
3259 17
3260 17
3261 16
3262 31
3263 7
3264 29
3265 1
3266 1
3267 1
3268 28
3269 19
3270 17
3271 14
3272 19
3273 20
3274 8
3275 19
3276 20
3277 2
3278 16
3279 16
3280 16
3281 20
3282 38
3283 21
3284 19
3285 21
3286 33
3287 1
3288 16
3289 33
3290 19
3291 19
3292 16
3293 35
3294 19
3295 19
3296 20
3297 1
3298 33
3299 35
3300 20
3301 8
3302 31
3303 7
3304 8
3305 43
3306 36
3307 8
3308 14
3309 25
3310 16
3311 33
3312 28
3313 1
3314 5
3315 18
3316 1
3317 8
3318 20
3319 19
3320 28
3321 36
3322 20
3323 19
3324 20
3325 20
3326 37
3327 20
3328 28
3329 20
3330 31
3331 28
3332 20
3333 16
3334 11
3335 35
3336 28
3337 33
3338 14
3339 28
3340 20
3341 6
3342 33
3343 13
3344 18
3345 30
3346 30
3347 19
3348 5
3349 33
3350 1
3351 28
3352 19
3353 8
3354 28
3355 12
3356 8
3357 19
3358 16
3359 16
3360 31
3361 33
3362 19
3363 21
3364 20
3365 42
3366 33
3367 7
3368 16
3369 33
3370 19
3371 25
3372 19
3373 28
3374 16
3375 35
3376 3
3377 33
3378 20
3379 31
3380 27
3381 16
3382 8
3383 20
3384 20
3385 28
3386 28
3387 28
3388 0
3389 1
3390 8
3391 8
3392 25
3393 1
3394 19
3395 20
3396 28
3397 4
3398 8
3399 28
3400 18
3401 28
3402 28
3403 16
3404 33
3405 35
3406 16
3407 25
3408 20
3409 33
3410 8
3411 0
3412 20
3413 1
3414 32
3415 17
3416 19
3417 31
3418 8
3419 28
3420 19
3421 33
3422 5
3423 26
3424 7
3425 10
3426 10
3427 8
3428 20
3429 8
3430 8
3431 37
3432 35
3433 8
3434 9
3435 8
3436 16
3437 17
3438 19
3439 23
3440 33
3441 33
3442 20
3443 20
3444 8
3445 17
3446 19
3447 27
3448 33
3449 16
3450 8
3451 33
3452 13
3453 8
3454 21
3455 19
3456 16
3457 14
3458 16
3459 16
3460 8
3461 6
3462 40
3463 1
3464 1
3465 21
3466 3
3467 8
3468 24
3469 33
3470 1
3471 8
3472 20
3473 31
3474 19
3475 19
3476 8
3477 20
3478 12
3479 20
3480 33
3481 28
3482 1
3483 33
3484 20
3485 28
3486 33
3487 36
3488 32
3489 8
3490 16
3491 1
3492 16
3493 8
3494 30
3495 1
3496 19
3497 19
3498 19
3499 19
3500 14
3501 30
3502 31
3503 16
3504 24
3505 33
3506 1
3507 6
3508 1
3509 9
3510 20
3511 28
3512 19
3513 8
3514 24
3515 28
3516 33
3517 7
3518 20
3519 1
3520 33
3521 1
3522 33
3523 3
3524 8
3525 1
3526 20
3527 19
3528 4
3529 16
3530 19
3531 19
3532 15
3533 13
3534 1
3535 1
3536 8
3537 8
3538 33
3539 28
3540 40
3541 33
3542 1
3543 15
3544 28
3545 12
3546 31
3547 20
3548 1
3549 28
3550 2
3551 1
3552 1
3553 30
3554 14
3555 28
3556 1
3557 35
3558 19
3559 20
3560 1
3561 28
3562 28
3563 6
3564 1
3565 16
3566 28
3567 13
3568 16
3569 30
3570 16
3571 20
3572 19
3573 5
3574 1
3575 21
3576 19
3577 20
3578 1
3579 1
3580 6
3581 1
3582 20
3583 41
3584 20
3585 20
3586 3
3587 13
3588 5
3589 36
3590 8
3591 20
3592 1
3593 20
3594 20
3595 19
3596 8
3597 20
3598 16
3599 24
3600 13
3601 9
3602 35
3603 1
3604 17
3605 17
3606 28
3607 8
3608 16
3609 1
3610 20
3611 32
3612 38
3613 19
3614 28
3615 20
3616 16
3617 33
3618 33
3619 2
3620 8
3621 19
3622 1
3623 33
3624 16
3625 33
3626 1
3627 33
3628 28
3629 20
3630 16
3631 19
3632 28
3633 1
3634 28
3635 8
3636 20
3637 20
3638 35
3639 27
3640 33
3641 19
3642 29
3643 13
3644 8
3645 20
3646 16
3647 33
3648 12
3649 1
3650 33
3651 28
3652 33
3653 35
3654 6
3655 16
3656 19
3657 33
3658 33
3659 19
3660 1
3661 1
3662 8
3663 20
3664 8
3665 24
3666 21
3667 16
3668 28
3669 8
3670 35
3671 21
3672 31
3673 1
3674 16
3675 16
3676 20
3677 41
3678 16
3679 28
3680 1
3681 19
3682 4
3683 42
3684 20
3685 1
3686 16
3687 27
3688 23
3689 5
3690 1
3691 33
3692 16
3693 8
3694 32
3695 28
3696 20
3697 19
3698 16
3699 8
3700 16
3701 40
3702 33
3703 19
3704 1
3705 19
3706 20
3707 20
3708 13
3709 24
3710 33
3711 9
3712 24
3713 32
3714 19
3715 1
3716 16
3717 20
3718 8
3719 8
3720 36
3721 8
3722 16
3723 4
3724 20
3725 25
3726 33
3727 20
3728 35
3729 1
3730 16
3731 1
3732 11
3733 1
3734 33
3735 8
3736 28
3737 8
3738 20
3739 8
3740 1
3741 25
3742 20
3743 1
3744 1
3745 16
3746 33
3747 16
3748 28
3749 35
3750 33
3751 16
3752 1
3753 43
3754 8
3755 1
3756 33
3757 12
3758 25
3759 36
3760 31
3761 24
3762 2
3763 2
3764 1
3765 41
3766 16
3767 25
3768 19
3769 1
3770 20
3771 16
3772 29
3773 32
3774 28
3775 36
3776 19
3777 16
3778 19
3779 16
3780 33
3781 20
3782 19
3783 33
3784 33
3785 1
3786 20
3787 40
3788 28
3789 16
3790 25
3791 8
3792 25
3793 7
3794 20
3795 1
3796 1
3797 36
3798 8
3799 20
3800 16
3801 1
3802 33
3803 1
3804 25
3805 8
3806 20
3807 7
3808 25
3809 40
3810 25
3811 29
3812 19
3813 19
3814 19
3815 28
3816 7
3817 19
3818 16
3819 11
3820 7
3821 1
3822 20
3823 33
3824 19
3825 37
3826 20
3827 43
3828 7
3829 16
3830 8
3831 28
3832 2
3833 7
3834 16
3835 35
3836 7
3837 16
3838 27
3839 8
3840 25
3841 19
3842 1
3843 20
3844 33
3845 28
3846 33
3847 7
3848 1
3849 33
3850 1
3851 34
3852 8
3853 25
3854 16
3855 14
3856 7
3857 8
3858 7
3859 25
3860 17
3861 28
3862 20
3863 7
3864 16
3865 39
3866 25
3867 31
3868 3
3869 7
3870 11
3871 28
3872 6
3873 16
3874 29
3875 26
3876 19
3877 28
3878 20
3879 17
3880 28
3881 30
3882 25
3883 19
3884 35
3885 31
3886 1
3887 20
3888 7
3889 5
3890 3
3891 33
3892 7
3893 1
3894 19
3895 4
3896 16
3897 19
3898 21
3899 28
3900 28
3901 20
3902 16
3903 7
3904 25
3905 7
3906 16
3907 21
3908 21
3909 7
3910 23
3911 36
3912 28
3913 19
3914 35
3915 20
3916 11
3917 10
3918 35
3919 36
3920 25
3921 2
3922 20
3923 26
3924 8
3925 7
3926 8
3927 33
3928 21
3929 1
3930 33
3931 8
3932 8
3933 33
3934 16
3935 7
3936 1
3937 21
3938 25
3939 16
3940 28
3941 16
3942 21
3943 8
3944 38
3945 33
3946 28
3947 15
3948 8
3949 8
3950 34
3951 28
3952 5
3953 25
3954 1
3955 19
3956 19
3957 33
3958 25
3959 1
3960 7
3961 25
3962 35
3963 21
3964 40
3965 1
3966 28
3967 19
3968 16
3969 16
3970 16
3971 8
3972 16
3973 21
3974 8
3975 25
3976 19
3977 41
3978 26
3979 28
3980 33
3981 19
3982 33
3983 42
3984 42
3985 29
3986 20
3987 19
3988 21
3989 21
3990 16
3991 25
3992 19
3993 16
3994 25
3995 18
3996 1
3997 19
3998 25
3999 1
4000 1
4001 20
4002 20
4003 16
4004 7
4005 16
4006 16
4007 19
4008 17
4009 1
4010 19
4011 7
4012 16
4013 1
4014 21
4015 33
4016 28
4017 1
4018 28
4019 16
4020 16
4021 33
4022 17
4023 7
4024 5
4025 8
4026 16
4027 25
4028 16
4029 7
4030 1
4031 21
4032 8
4033 20
4034 21
4035 16
4036 16
4037 6
4038 30
4039 16
4040 9
4041 8
4042 33
4043 20
4044 7
4045 21
4046 21
4047 16
4048 15
4049 33
4050 7
4051 1
4052 30
4053 28
4054 28
4055 21
4056 28
4057 28
4058 13
4059 19
4060 16
4061 7
4062 33
4063 1
4064 20
4065 7
4066 20
4067 1
4068 33
4069 17
4070 30
4071 36
4072 16
4073 16
4074 7
4075 28
4076 19
4077 30
4078 16
4079 1
4080 1
4081 16
4082 8
4083 33
4084 20
4085 33
4086 18
4087 33
4088 8
4089 21
4090 30
4091 2
4092 25
4093 19
4094 25
4095 21
4096 1
4097 7
4098 13
4099 8
4100 3
4101 28
4102 40
4103 30
4104 3
4105 38
4106 1
4107 30
4108 28
4109 19
4110 13
4111 30
4112 19
4113 28
4114 15
4115 21
4116 5
4117 10
4118 13
4119 17
4120 25
4121 28
4122 13
4123 38
4124 21
4125 16
4126 16
4127 28
4128 28
4129 33
4130 29
4131 12
4132 21
4133 28
4134 7
4135 42
4136 33
4137 17
4138 26
4139 20
4140 21
4141 9
4142 25
4143 19
4144 16
4145 19
4146 3
4147 19
4148 30
4149 30
4150 17
4151 13
4152 24
4153 30
4154 12
4155 9
4156 30
4157 19
4158 19
4159 24
4160 20
4161 16
4162 1
4163 28
4164 28
4165 28
4166 7
4167 39
4168 25
4169 13
4170 17
4171 28
4172 30
4173 30
4174 32
4175 20
4176 36
4177 42
4178 28
4179 18
4180 21
4181 30
4182 21
4183 28
4184 7
4185 17
4186 7
4187 7
4188 18
4189 30
4190 15
4191 13
4192 16
4193 28
4194 15
4195 25
4196 16
4197 10
4198 24
4199 7
4200 35
4201 31
4202 35
4203 21
4204 6
4205 30
4206 16
4207 17
4208 37
4209 31
4210 28
4211 37
4212 6
4213 28
4214 31
4215 33
4216 0
4217 17
4218 40
4219 16
4220 1
4221 39
4222 33
4223 30
4224 25
4225 1
4226 28
4227 28
4228 24
4229 19
4230 17
4231 24
4232 30
4233 25
4234 1
4235 17
4236 16
4237 31
4238 35
4239 16
4240 21
4241 2
4242 14
4243 17
4244 12
4245 17
4246 40
4247 21
4248 8
4249 1
4250 1
4251 28
4252 28
4253 28
4254 37
4255 32
4256 30
4257 33
4258 31
4259 1
4260 20
4261 14
4262 14
4263 35
4264 36
4265 19
4266 7
4267 24
4268 36
4269 1
4270 19
4271 32
4272 31
4273 15
4274 28
4275 30
4276 25
4277 28
4278 10
4279 23
4280 29
4281 2
4282 33
4283 30
4284 21
4285 16
4286 40
4287 7
4288 36
4289 3
4290 1
4291 35
4292 13
4293 31
4294 21
4295 1
4296 2
4297 4
4298 33
4299 40
4300 8
4301 19
4302 35
4303 25
4304 30
4305 14
4306 30
4307 29
4308 21
4309 16
4310 9
4311 43
4312 10
4313 28
4314 28
4315 20
4316 35
4317 21
4318 28
4319 21
4320 1
4321 35
4322 21
4323 0
4324 1
4325 30
4326 28
4327 25
4328 25
4329 11
4330 19
4331 28
4332 20
4333 3
4334 30
4335 18
4336 13
4337 25
4338 30
4339 11
4340 37
4341 17
4342 28
4343 25
4344 20
4345 33
4346 28
4347 7
4348 13
4349 21
4350 38
4351 28
4352 20
4353 42
4354 20
4355 27
4356 9
4357 5
4358 19
4359 25
4360 11
4361 16
4362 28
4363 19
4364 17
4365 28
4366 42
4367 16
4368 24
4369 19
4370 30
4371 3
4372 28
4373 19
4374 31
4375 37
4376 35
4377 28
4378 39
4379 3
4380 39
4381 36
4382 19
4383 27
4384 41
4385 1
4386 25
4387 29
4388 17
4389 40
4390 2
4391 16
4392 2
4393 6
4394 19
4395 1
4396 2
4397 17
4398 42
4399 30
4400 42
4401 21
4402 29
4403 17
4404 36
4405 36
4406 19
4407 33
4408 28
4409 2
4410 25
4411 17
4412 30
4413 19
4414 1
4415 6
4416 13
4417 30
4418 28
4419 28
4420 28
4421 35
4422 28
4423 8
4424 36
4425 1
4426 8
4427 30
4428 17
4429 8
4430 30
4431 6
4432 5
4433 26
4434 18
4435 26
4436 28
4437 9
4438 11
4439 34
4440 26
4441 19
4442 10
4443 8
4444 8
4445 28
4446 21
4447 4
4448 2
4449 2
4450 7
4451 7
4452 37
4453 28
4454 1
4455 14
4456 42
4457 3
4458 26
4459 9
4460 29
4461 8
4462 1
4463 22
4464 1
4465 39
4466 5
4467 28
4468 30
4469 35
4470 33
4471 28
4472 40
4473 32
4474 8
4475 8
4476 8
4477 1
4478 28
4479 14
4480 19
4481 17
4482 8
4483 34
4484 4
4485 28
4486 30
4487 17
4488 16
4489 30
4490 35
4491 1
4492 8
4493 1
4494 24
4495 0
4496 8
4497 36
4498 28
4499 12
4500 35
4501 9
4502 35
4503 16
4504 17
4505 35
4506 10
4507 35
4508 17
4509 37
4510 38
4511 7
4512 11
4513 8
4514 30
4515 2
4516 16
4517 30
4518 36
4519 28
4520 9
4521 24
4522 8
4523 1
4524 30
4525 1
4526 4
4527 20
4528 31
4529 8
4530 12
4531 15
4532 29
4533 8
4534 24
4535 28
4536 19
4537 28
4538 28
4539 1
4540 17
4541 38
4542 33
4543 13
4544 2
4545 16
4546 33
4547 40
4548 9
4549 16
4550 33
4551 32
4552 2
4553 21
4554 29
4555 13
4556 28
4557 12
4558 28
4559 21
4560 29
4561 28
4562 24
4563 1
4564 17
4565 1
4566 8
4567 5
4568 28
4569 0
4570 1
4571 40
4572 1
4573 6
4574 28
4575 16
4576 15
4577 28
4578 38
4579 18
4580 34
4581 35
4582 13
4583 41
4584 21
4585 15
4586 8
4587 29
4588 25
4589 16
4590 14
4591 13
4592 38
4593 17
4594 8
4595 16
4596 22
4597 28
4598 13
4599 28
4600 17
4601 30
4602 28
4603 1
4604 9
4605 8
4606 29
4607 30
4608 8
4609 8
4610 6
4611 8
4612 34
4613 21
4614 8
4615 35
4616 38
4617 20
4618 21
4619 13
4620 8
4621 8
4622 8
4623 6
4624 24
4625 20
4626 2
4627 36
4628 8
4629 10
4630 9
4631 28
4632 12
4633 19
4634 35
4635 36
4636 1
4637 37
4638 8
4639 15
4640 28
4641 28
4642 15
4643 41
4644 8
4645 13
4646 24
4647 12
4648 8
4649 39
4650 13
4651 8
4652 8
4653 16
4654 9
4655 12
4656 28
4657 35
4658 12
4659 6
4660 8
4661 4
4662 15
4663 28
4664 33
4665 41
4666 24
4667 5
4668 2
4669 1
4670 14
4671 28
4672 8
4673 36
4674 8
4675 33
4676 28
4677 28
4678 28
4679 8
4680 8
4681 2
4682 24
4683 21
4684 42
4685 31
4686 1
4687 28
4688 16
4689 26
4690 28
4691 16
4692 31
4693 26
4694 8
4695 42
4696 31
4697 28
4698 14
4699 2
4700 31
4701 18
4702 8
4703 35
4704 28
4705 6
4706 14
4707 3
4708 9
4709 28
4710 13
4711 40
4712 30
4713 31
4714 10
4715 37
4716 20
4717 0
4718 10
4719 17
4720 28
4721 5
4722 28
4723 35
4724 10
4725 24
4726 28
4727 8
4728 8
4729 8
4730 10
4731 29
4732 17
4733 28
4734 28
4735 14
4736 28
4737 19
4738 13
4739 31
4740 4
4741 8
4742 34
4743 37
4744 28
4745 8
4746 25
4747 18
4748 28
4749 8
4750 25
4751 4
4752 31
4753 10
4754 9
4755 30
4756 14
4757 33
4758 14
4759 38
4760 9
4761 28
4762 8
4763 8
4764 42
4765 11
4766 8
4767 14
4768 6
4769 33
4770 33
4771 15
4772 8
4773 16
4774 28
4775 28
4776 25
4777 37
4778 33
4779 8
4780 30
4781 33
4782 39
4783 8
4784 12
4785 8
4786 20
4787 37
4788 24
4789 8
4790 8
4791 20
4792 33
4793 25
4794 8
4795 14
4796 39
4797 23
4798 20
4799 26
4800 25
4801 28
4802 36
4803 23
4804 20
4805 8
4806 28
4807 23
4808 11
4809 32
4810 18
4811 7
4812 33
4813 8
4814 33
4815 25
4816 8
4817 20
4818 8
4819 23
4820 28
4821 20
4822 24
4823 19
4824 28
4825 29
4826 25
4827 24
4828 5
4829 8
4830 7
4831 33
4832 33
4833 8
4834 20
4835 33
4836 9
4837 36
4838 24
4839 33
4840 3
4841 8
4842 7
4843 2
4844 25
4845 21
4846 34
4847 8
4848 33
4849 28
4850 24
4851 8
4852 7
4853 10
4854 7
4855 33
4856 20
4857 7
4858 11
4859 8
4860 7
4861 20
4862 17
4863 33
4864 3
4865 5
4866 28
4867 35
4868 9
4869 28
4870 30
4871 25
4872 7
4873 2
4874 8
4875 25
4876 29
4877 8
4878 6
4879 17
4880 20
4881 37
4882 5
4883 25
4884 8
4885 40
4886 7
4887 15
4888 6
4889 20
4890 7
4891 20
4892 3
4893 24
4894 3
4895 33
4896 6
4897 25
4898 8
4899 41
4900 20
4901 25
4902 20
4903 8
4904 20
4905 16
4906 23
4907 11
4908 23
4909 41
4910 38
4911 17
4912 13
4913 17
4914 8
4915 11
4916 28
4917 33
4918 41
4919 12
4920 41
4921 19
4922 33
4923 7
4924 8
4925 3
4926 7
4927 20
4928 11
4929 26
4930 20
4931 2
4932 24
4933 21
4934 28
4935 20
4936 13
4937 6
4938 8
4939 7
4940 33
4941 28
4942 32
4943 25
4944 21
4945 21
4946 20
4947 19
4948 33
4949 36
4950 38
4951 21
4952 33
4953 43
4954 25
4955 9
4956 26
4957 28
4958 8
4959 33
4960 11
4961 21
4962 25
4963 1
4964 7
4965 1
4966 28
4967 1
4968 10
4969 33
4970 21
4971 28
4972 6
4973 21
4974 12
4975 6
4976 8
4977 33
4978 24
4979 20
4980 23
4981 21
4982 5
4983 8
4984 7
4985 28
4986 20
4987 25
4988 8
4989 33
4990 6
4991 36
4992 8
4993 7
4994 1
4995 21
4996 8
4997 8
4998 33
4999 20
