0 0
1 1
2 2
3 3
4 4
5 5
6 6
7 7
8 6
9 0
10 8
11 9
12 10
13 1
14 3
15 2
16 3
17 9
18 9
19 9
20 11
21 11
22 1
23 3
24 12
25 4
26 12
27 9
28 13
29 6
30 2
31 14
32 7
33 11
34 10
35 12
36 7
37 0
38 1
39 12
40 1
41 1
42 5
43 12
44 14
45 1
46 7
47 14
48 2
49 14
50 13
51 15
52 13
53 13
54 15
55 1
56 7
57 2
58 15
59 6
60 15
61 14
62 14
63 0
64 15
65 14
66 7
67 14
68 5
69 0
70 10
71 1
72 0
73 4
74 0
75 5
76 0
77 2
78 6
79 4
80 16
81 16
82 4
83 14
84 15
85 4
86 16
87 1
88 16
89 15
90 14
91 1
92 16
93 0
94 2
95 7
96 14
97 3
98 15
99 1
100 15
101 7
102 1
103 1
104 0
105 7
106 7
107 0
108 1
109 1
110 15
111 12
112 8
113 3
114 3
115 0
116 7
117 7
118 0
119 0
120 1
121 2
122 14
123 8
124 0
125 16
126 15
127 12
128 9
129 2
130 11
131 7
132 15
133 11
134 0
135 2
136 16
137 16
138 2
139 4
140 3
141 13
142 11
143 16
144 3
145 2
146 2
147 7
148 7
149 0
150 1
151 3
152 15
153 0
154 10
155 9
156 5
157 12
158 11
159 12
160 15
161 10
162 7
163 16
164 7
165 12
166 10
167 14
168 3
169 7
170 10
171 6
172 10
173 12
174 13
175 3
176 12
177 7
178 12
179 3
180 14
181 11
182 16
183 4
184 10
185 12
186 13
187 6
188 7
189 6
190 6
191 2
192 6
193 11
194 12
195 12
196 7
197 13
198 14
199 11
200 2
201 0
202 13
203 7
204 10
205 7
206 1
207 1
208 4
209 0
210 8
211 7
212 11
213 11
214 11
215 6
216 15
217 15
218 11
219 10
220 6
221 6
222 15
223 10
224 12
225 16
226 6
227 7
228 8
229 10
230 14
231 11
232 16
233 7
234 12
235 11
236 7
237 14
238 11
239 11
240 11
241 9
242 10
243 7
244 16
245 8
246 7
247 12
248 16
249 2
250 11
251 16
252 2
253 7
254 16
255 7
256 8
257 12
258 9
259 2
260 14
261 0
262 14
263 12
264 16
265 7
266 11
267 16
268 6
269 11
270 7
271 12
272 7
273 2
274 7
275 12
276 11
277 9
278 13
279 11
280 1
281 12
282 7
283 5
284 2
285 11
286 8
287 6
288 12
289 12
290 12
291 11
292 5
293 7
294 7
295 13
296 7
297 11
298 11
299 8
300 12
301 5
302 7
303 11
304 5
305 15
306 16
307 16
308 16
309 2
310 12
311 2
312 16
313 12
314 5
315 7
316 5
317 7
318 11
319 9
320 12
321 12
322 12
323 7
324 7
325 7
326 8
327 7
328 1
329 11
330 16
331 4
332 1
333 1
334 11
335 11
336 5
337 1
338 11
339 7
340 7
341 7
342 1
343 2
344 11
345 2
346 1
347 7
348 7
349 12
350 0
351 12
352 3
353 12
354 6
355 11
356 0
357 2
358 5
359 0
360 1
361 8
362 11
363 15
364 11
365 3
366 12
367 3
368 7
369 12
370 16
371 12
372 1
373 9
374 10
375 11
376 12
377 1
378 12
379 1
380 0
381 14
382 6
383 16
384 15
385 14
386 14
387 7
388 0
389 11
390 7
391 12
392 3
393 12
394 3
395 12
396 12
397 0
398 11
399 14
400 12
401 12
402 14
403 13
404 6
405 7
406 7
407 3
408 1
409 12
410 15
411 12
412 7
413 12
414 12
415 11
416 11
417 7
418 12
419 12
420 12
421 7
422 4
423 1
424 12
425 6
426 1
427 15
428 14
429 11
430 5
431 1
432 5
433 12
434 6
435 12
436 14
437 7
438 2
439 4
440 13
441 6
442 11
443 7
444 11
445 1
446 6
447 10
448 3
449 14
450 1
451 1
452 11
453 1
454 7
455 1
456 13
457 11
458 13
459 11
460 4
461 12
462 14
463 7
464 12
465 1
466 12
467 1
468 1
469 1
470 1
471 14
472 14
473 14
474 1
475 11
476 7
477 14
478 14
479 10
480 14
481 4
482 11
483 16
484 14
485 10
486 10
487 16
488 8
489 14
490 11
491 11
492 15
493 1
494 7
495 12
496 7
497 8
498 5
499 11
500 14
501 12
502 2
503 4
504 12
505 16
506 14
507 15
508 0
509 6
510 12
511 7
512 7
513 7
514 7
515 7
516 6
517 4
518 6
519 14
520 2
521 7
522 12
523 7
524 7
525 1
526 13
527 7
528 16
529 12
530 6
531 8
532 16
533 11
534 2
535 1
536 2
537 0
538 10
539 12
540 10
541 14
542 13
543 7
544 16
545 7
546 2
547 16
548 11
549 5
550 12
551 13
552 9
553 9
554 7
555 16
556 14
557 7
558 7
559 13
560 1
561 14
562 11
563 14
564 12
565 7
566 2
567 10
568 13
569 7
570 6
571 13
572 10
573 7
574 5
575 12
576 7
577 7
578 0
579 7
580 15
581 2
582 5
583 5
584 15
585 7
586 1
587 2
588 15
589 0
590 15
591 14
592 16
593 11
594 8
595 2
596 16
597 6
598 14
599 14
600 15
601 9
602 1
603 7
604 4
605 9
606 14
607 10
608 7
609 0
610 7
611 7
612 2
613 15
614 13
615 3
616 8
617 0
618 7
619 14
620 0
621 16
622 0
623 14
624 16
625 7
626 0
627 7
628 7
629 8
630 15
631 14
632 7
633 7
634 8
635 4
636 15
637 7
638 10
639 3
640 11
641 0
642 14
643 16
644 1
645 3
646 7
647 16
648 14
649 7
650 11
651 6
652 3
653 11
654 3
655 7
656 8
657 9
658 7
659 15
660 11
661 3
662 13
663 14
664 7
665 16
666 10
667 7
668 16
669 14
670 9
671 7
672 5
673 10
674 7
675 11
676 3
677 7
678 3
679 15
680 10
681 12
682 5
683 10
684 6
685 7
686 1
687 1
688 12
689 10
690 14
691 0
692 7
693 1
694 11
695 11
696 6
697 7
698 6
699 11
700 7
701 12
702 11
703 7
704 3
705 11
706 2
707 12
708 6
709 6
710 13
711 2
712 14
713 7
714 6
715 7
716 12
717 13
718 1
719 6
720 10
721 7
722 11
723 11
724 12
725 11
726 6
727 7
728 11
729 7
730 8
731 12
732 12
733 6
734 10
735 1
736 11
737 15
738 12
739 12
740 3
741 6
742 12
743 12
744 3
745 10
746 8
747 6
748 14
749 7
750 11
751 12
752 11
753 6
754 12
755 0
756 0
757 11
758 11
759 2
760 2
761 6
762 12
763 12
764 5
765 7
766 2
767 2
768 2
769 2
770 6
771 7
772 2
773 16
774 2
775 11
776 10
777 12
778 7
779 2
780 7
781 7
782 3
783 7
784 7
785 12
786 9
787 7
788 12
789 14
790 14
791 6
792 11
793 7
794 16
795 7
796 13
797 11
798 14
799 11
800 9
801 16
802 11
803 12
804 12
805 13
806 11
807 12
808 11
809 16
810 11
811 11
812 9
813 10
814 10
815 2
816 11
817 11
818 6
819 14
820 7
821 7
822 11
823 4
824 2
825 7
826 4
827 11
828 12
829 11
830 6
831 2
832 5
833 10
834 7
835 7
836 4
837 12
838 15
839 11
840 12
841 11
842 12
843 14
844 0
845 7
846 6
847 12
848 7
849 12
850 1
851 1
852 4
853 11
854 11
855 7
856 16
857 1
858 8
859 8
860 4
861 3
862 3
863 16
864 1
865 12
866 7
867 5
868 15
869 6
870 1
871 11
872 16
873 6
874 11
875 6
876 7
877 7
878 2
879 1
880 2
881 1
882 11
883 7
884 1
885 12
886 3
887 1
888 16
889 12
890 2
891 7
892 12
893 16
894 12
895 7
896 2
897 12
898 11
899 12
900 7
901 7
902 7
903 9
904 1
905 15
906 11
907 14
908 7
909 1
910 14
911 14
912 7
913 11
914 7
915 6
916 13
917 11
918 12
919 14
920 7
921 6
922 0
923 1
924 7
925 12
926 10
927 15
928 7
929 3
930 14
931 11
932 10
933 11
934 12
935 1
936 14
937 11
938 6
939 7
940 13
941 14
942 7
943 1
944 14
945 9
946 1
947 1
948 1
949 6
950 10
951 10
952 11
953 12
954 1
955 1
956 3
957 4
958 15
959 13
960 12
961 7
962 7
963 14
964 11
965 7
966 7
967 1
968 3
969 10
970 6
971 11
972 11
973 1
974 14
975 14
976 14
977 14
978 11
979 6
980 14
981 8
982 6
983 10
984 0
985 11
986 14
987 15
988 12
989 16
990 14
991 12
992 12
993 9
994 7
995 16
996 12
997 6
998 8
999 6
