0 0
1 1
2 2
3 3
4 2
5 0
6 4
7 2
8 5
9 6
10 4
11 6
12 7
13 8
14 9
15 10
16 3
17 11
18 12
19 13
20 14
21 15
22 16
23 17
24 11
25 18
26 19
27 20
28 20
29 21
30 22
31 2
32 9
33 10
34 23
35 21
36 0
37 24
38 21
39 25
40 26
41 16
42 16
43 1
44 27
45 20
46 15
47 24
48 21
49 28
50 15
51 29
52 17
53 1
54 6
55 28
56 9
57 30
58 8
59 31
60 32
61 17
62 25
63 33
64 34
65 35
66 34
67 10
68 32
69 14
70 14
71 36
72 19
73 22
74 37
75 8
76 1
77 2
78 3
79 38
80 39
81 24
82 3
83 19
84 10
85 8
86 2
87 22
88 15
89 19
90 2
91 22
92 15
93 39
94 14
95 27
96 27
97 0
98 40
99 4
100 41
101 14
102 24
103 8
104 4
105 1
106 7
107 35
108 2
109 10
110 35
111 35
112 24
113 9
114 38
115 42
116 10
117 14
118 8
119 10
120 13
121 0
122 32
123 19
124 14
125 9
126 35
127 3
128 8
129 38
130 10
131 35
132 22
133 43
134 19
135 22
136 42
137 24
138 18
139 32
140 0
141 8
142 8
143 43
144 22
145 22
146 40
147 22
148 43
149 35
150 42
151 14
152 2
153 38
154 25
155 31
156 10
157 40
158 15
159 40
160 40
161 10
162 40
163 10
164 43
165 14
166 35
167 18
168 37
169 7
170 27
171 14
172 17
173 38
174 43
175 2
176 40
177 9
178 40
179 43
180 35
181 10
182 38
183 37
184 40
185 35
186 37
187 37
188 38
189 17
190 2
191 17
192 3
193 35
194 14
195 13
196 2
197 27
198 19
199 16
200 8
201 8
202 11
203 24
204 2
205 38
206 41
207 30
208 14
209 38
210 10
211 16
212 7
213 2
214 18
215 2
216 24
217 43
218 38
219 37
220 30
221 16
222 0
223 14
224 17
225 2
226 18
227 43
228 43
229 14
230 35
231 37
232 42
233 9
234 43
235 37
236 40
237 2
238 43
239 14
240 14
241 14
242 10
243 44
244 37
245 10
246 16
247 37
248 7
249 41
250 2
251 2
252 30
253 25
254 7
255 12
256 30
257 35
258 22
259 6
260 13
261 38
262 43
263 33
264 22
265 43
266 27
267 24
268 35
269 19
270 30
271 22
272 2
273 14
274 35
275 2
276 10
277 2
278 10
279 7
280 40
281 10
282 42
283 15
284 40
285 30
286 37
287 10
288 37
289 45
290 41
291 27
292 37
293 2
294 7
295 2
296 2
297 9
298 40
299 8
300 19
301 37
302 46
303 14
304 10
305 36
306 10
307 17
308 8
309 43
310 40
311 26
312 33
313 26
314 8
315 43
316 44
317 30
318 10
319 25
320 26
321 24
322 30
323 37
324 2
325 8
326 43
327 26
328 26
329 10
330 25
331 35
332 39
333 22
334 11
335 26
336 10
337 3
338 19
339 22
340 36
341 8
342 26
343 26
344 5
345 4
346 9
347 26
348 22
349 20
350 8
351 2
352 10
353 2
354 26
355 47
356 35
357 14
358 38
359 5
360 32
361 2
362 35
363 2
364 25
365 38
366 37
367 26
368 8
369 7
370 1
371 22
372 10
373 40
374 32
375 42
376 5
377 30
378 16
379 25
380 13
381 43
382 14
383 11
384 31
385 28
386 14
387 5
388 14
389 23
390 5
391 35
392 47
393 26
394 28
395 30
396 32
397 15
398 2
399 32
400 4
401 25
402 12
403 25
404 22
405 25
406 17
407 2
408 4
409 32
410 42
411 42
412 37
413 15
414 26
415 22
416 16
417 16
418 26
419 43
420 11
421 30
422 4
423 19
424 45
425 26
426 4
427 11
428 30
429 37
430 35
431 4
432 27
433 14
434 12
435 13
436 2
437 11
438 37
439 25
440 26
441 31
442 10
443 17
444 4
445 43
446 17
447 22
448 7
449 45
450 4
451 26
452 14
453 17
454 48
455 28
456 14
457 9
458 24
459 7
460 28
461 38
462 3
463 11
464 27
465 2
466 25
467 30
468 35
469 25
470 35
471 30
472 4
473 2
474 27
475 25
476 6
477 36
478 42
479 13
480 2
481 14
482 48
483 22
484 2
485 11
486 11
487 43
488 42
489 41
490 4
491 2
492 2
493 42
494 2
495 26
496 21
497 30
498 25
499 2
500 11
501 15
502 27
503 13
504 2
505 39
506 41
507 17
508 42
509 6
510 32
511 13
512 10
513 15
514 2
515 27
516 22
517 15
518 11
519 35
520 37
521 39
522 25
523 2
524 18
525 6
526 4
527 18
528 27
529 14
530 25
531 2
532 10
533 2
534 26
535 2
536 22
537 28
538 48
539 2
540 12
541 15
542 28
543 14
544 11
545 8
546 46
547 46
548 26
549 14
550 2
551 13
552 27
553 18
554 47
555 2
556 43
557 24
558 42
559 4
560 2
561 25
562 6
563 43
564 25
565 13
566 33
567 4
568 25
569 9
570 30
571 27
572 2
573 33
574 33
575 22
576 8
577 25
578 38
579 40
580 35
581 8
582 4
583 18
584 15
585 40
586 8
587 15
588 46
589 16
590 2
591 18
592 27
593 3
594 2
595 2
596 9
597 11
598 26
599 18
600 30
601 30
602 26
603 1
604 25
605 27
606 25
607 30
608 24
609 4
610 27
611 43
612 19
613 26
614 24
615 43
616 18
617 38
618 32
619 25
620 19
621 11
622 25
623 21
624 3
625 7
626 39
627 27
628 27
629 30
630 19
631 27
632 9
633 19
634 19
635 1
636 40
637 25
638 8
639 2
640 37
641 25
642 1
643 43
644 27
645 19
646 18
647 35
648 6
649 19
650 26
651 40
652 2
653 19
654 25
655 12
656 25
657 12
658 40
659 43
660 4
661 25
662 8
663 2
664 42
665 25
666 24
667 29
668 45
669 37
670 8
671 29
672 2
673 28
674 14
675 27
676 43
677 30
678 42
679 38
680 2
681 19
682 27
683 2
684 37
685 10
686 25
687 38
688 2
689 31
690 10
691 8
692 29
693 4
694 2
695 42
696 42
697 45
698 10
699 9
700 25
701 8
702 25
703 27
704 14
705 4
706 10
707 27
708 19
709 19
710 30
711 10
712 27
713 41
714 27
715 41
716 19
717 0
718 25
719 11
720 2
721 2
722 14
723 2
724 10
725 25
726 14
727 17
728 38
729 14
730 41
731 15
732 19
733 3
734 4
735 10
736 27
737 27
738 19
739 25
740 14
741 37
742 27
743 37
744 25
745 7
746 14
747 17
748 38
749 19
750 25
751 8
752 14
753 10
754 25
755 38
756 27
757 2
758 2
759 19
760 6
761 39
762 25
763 13
764 25
765 14
766 25
767 22
768 19
769 37
770 10
771 5
772 48
773 19
774 38
775 42
776 27
777 12
778 38
779 19
780 2
781 19
782 20
783 27
784 25
785 24
786 13
787 19
788 2
789 24
790 30
791 19
792 2
793 27
794 19
795 19
796 14
797 10
798 27
799 4
800 14
801 25
802 30
803 10
804 25
805 27
806 21
807 41
808 25
809 36
810 25
811 31
812 2
813 10
814 4
815 22
816 44
817 26
818 22
819 27
820 45
821 35
822 22
823 10
824 5
825 38
826 19
827 22
828 19
829 1
830 25
831 10
832 17
833 27
834 38
835 48
836 38
837 11
838 40
839 22
840 21
841 30
842 13
843 26
844 39
845 18
846 26
847 1
848 35
849 35
850 0
851 27
852 10
853 22
854 24
855 34
856 22
857 25
858 48
859 11
860 27
861 36
862 35
863 10
864 27
865 25
866 3
867 14
868 18
869 10
870 25
871 27
872 30
873 25
874 22
875 7
876 13
877 29
878 22
879 35
880 25
881 19
882 25
883 28
884 34
885 15
886 25
887 19
888 12
889 2
890 28
891 43
892 19
893 11
894 10
895 2
896 19
897 6
898 43
899 14
900 35
901 14
902 38
903 19
904 27
905 27
906 15
907 4
908 4
909 2
910 10
911 27
912 2
913 19
914 4
915 27
916 25
917 37
918 4
919 15
920 43
921 4
922 8
923 26
924 22
925 27
926 19
927 14
928 10
929 23
930 22
931 25
932 44
933 42
934 25
935 42
936 43
937 27
938 7
939 14
940 42
941 25
942 42
943 22
944 42
945 9
946 4
947 43
948 25
949 9
950 29
951 11
952 35
953 19
954 25
955 22
956 27
957 43
958 25
959 22
960 11
961 35
962 25
963 41
964 25
965 35
966 26
967 13
968 40
969 42
970 43
971 13
972 14
973 2
974 2
975 30
976 14
977 26
978 43
979 37
980 22
981 35
982 14
983 43
984 2
985 35
986 2
987 19
988 2
989 22
990 22
991 2
992 4
993 4
994 43
995 14
996 42
997 10
998 16
999 25
1000 9
1001 5
1002 11
1003 10
1004 2
1005 37
1006 42
1007 2
1008 20
1009 43
1010 25
1011 13
1012 9
1013 26
1014 11
1015 9
1016 13
1017 2
1018 42
1019 15
1020 43
1021 42
1022 27
1023 27
1024 25
1025 4
1026 25
1027 23
1028 10
1029 35
1030 19
1031 25
1032 35
1033 22
1034 25
1035 27
1036 42
1037 10
1038 40
1039 41
1040 18
1041 25
1042 15
1043 27
1044 31
1045 25
1046 42
1047 35
1048 22
1049 27
1050 19
1051 19
1052 25
1053 25
1054 27
1055 42
1056 15
1057 42
1058 19
1059 35
1060 19
1061 11
1062 18
1063 25
1064 43
1065 25
1066 27
1067 25
1068 9
1069 22
1070 4
1071 4
1072 14
1073 25
1074 43
1075 35
1076 10
1077 14
1078 25
1079 22
1080 19
1081 27
1082 10
1083 27
1084 20
1085 2
1086 11
1087 40
1088 48
1089 35
1090 9
1091 22
1092 43
1093 30
1094 19
1095 35
1096 35
1097 4
1098 13
1099 10
1100 35
1101 27
1102 2
1103 2
1104 42
1105 42
1106 14
1107 2
1108 42
1109 22
1110 32
1111 41
1112 14
1113 14
1114 43
1115 2
1116 10
1117 38
1118 40
1119 47
1120 9
1121 35
1122 16
1123 43
1124 18
1125 19
1126 24
1127 14
1128 19
1129 19
1130 40
1131 26
1132 22
1133 19
1134 14
1135 35
1136 43
1137 10
1138 25
1139 12
1140 4
1141 19
1142 35
1143 5
1144 7
1145 27
1146 27
1147 2
1148 19
1149 27
1150 2
1151 27
1152 8
1153 38
1154 4
1155 2
1156 18
1157 35
1158 31
1159 3
1160 37
1161 38
1162 24
1163 19
1164 25
1165 42
1166 22
1167 4
1168 27
1169 10
1170 37
1171 43
1172 25
1173 22
1174 25
1175 42
1176 19
1177 15
1178 35
1179 25
1180 12
1181 27
1182 38
1183 30
1184 42
1185 10
1186 31
1187 2
1188 10
1189 3
1190 25
1191 27
1192 9
1193 19
1194 24
1195 35
1196 25
1197 18
1198 25
1199 35
1200 1
1201 40
1202 19
1203 17
1204 27
1205 2
1206 37
1207 2
1208 27
1209 26
1210 27
1211 35
1212 42
1213 41
1214 42
1215 27
1216 30
1217 35
1218 24
1219 42
1220 15
1221 30
1222 25
1223 25
1224 14
1225 35
1226 35
1227 25
1228 37
1229 25
1230 35
1231 14
1232 30
1233 19
1234 8
1235 30
1236 27
1237 19
1238 35
1239 4
1240 8
1241 24
1242 2
1243 9
1244 25
1245 27
1246 4
1247 25
1248 24
1249 27
1250 41
1251 2
1252 42
1253 35
1254 40
1255 2
1256 30
1257 14
1258 44
1259 8
1260 48
1261 24
1262 35
1263 19
1264 40
1265 20
1266 19
1267 25
1268 13
1269 30
1270 25
1271 2
1272 39
1273 22
1274 37
1275 30
1276 43
1277 2
1278 2
1279 2
1280 27
1281 17
1282 30
1283 42
1284 18
1285 2
1286 19
1287 23
1288 41
1289 25
1290 8
1291 16
1292 10
1293 25
1294 27
1295 27
1296 10
1297 20
1298 24
1299 25
1300 19
1301 27
1302 42
1303 43
1304 27
1305 14
1306 22
1307 22
1308 27
1309 19
1310 30
1311 45
1312 30
1313 17
1314 35
1315 41
1316 47
1317 47
1318 1
1319 35
1320 20
1321 25
1322 2
1323 13
1324 35
1325 35
1326 2
1327 19
1328 26
1329 21
1330 30
1331 25
1332 43
1333 2
1334 19
1335 26
1336 24
1337 19
1338 25
1339 19
1340 38
1341 23
1342 35
1343 30
1344 25
1345 27
1346 48
1347 19
1348 35
1349 40
1350 19
1351 1
1352 27
1353 10
1354 25
1355 10
1356 35
1357 43
1358 18
1359 30
1360 30
1361 26
1362 1
1363 35
1364 22
1365 25
1366 20
1367 25
1368 11
1369 27
1370 19
1371 26
1372 25
1373 25
1374 2
1375 35
1376 2
1377 1
1378 48
1379 43
1380 19
1381 19
1382 19
1383 39
1384 2
1385 27
1386 19
1387 19
1388 18
1389 48
1390 25
1391 1
1392 30
1393 27
1394 2
1395 37
1396 35
1397 35
1398 25
1399 25
1400 2
1401 25
1402 32
1403 26
1404 19
1405 42
1406 43
1407 27
1408 26
1409 19
1410 30
1411 35
1412 4
1413 7
1414 19
1415 7
1416 19
1417 27
1418 3
1419 27
1420 25
1421 35
1422 25
1423 25
1424 35
1425 35
1426 27
1427 34
1428 25
1429 33
1430 26
1431 27
1432 27
1433 26
1434 27
1435 37
1436 6
1437 35
1438 35
1439 30
1440 23
1441 43
1442 15
1443 30
1444 3
1445 7
1446 25
1447 24
1448 16
1449 25
1450 46
1451 9
1452 2
1453 4
1454 37
1455 2
1456 2
1457 35
1458 25
1459 23
1460 2
1461 4
1462 27
1463 8
1464 35
1465 27
1466 25
1467 35
1468 4
1469 35
1470 17
1471 15
1472 1
1473 19
1474 35
1475 19
1476 43
1477 35
1478 4
1479 2
1480 27
1481 42
1482 25
1483 15
1484 4
1485 15
1486 15
1487 30
1488 19
1489 10
1490 25
1491 2
1492 3
1493 35
1494 2
1495 26
1496 27
1497 19
1498 35
1499 37
1500 2
1501 2
1502 22
1503 9
1504 27
1505 30
1506 47
1507 4
1508 14
1509 4
1510 4
1511 27
1512 42
1513 2
1514 19
1515 43
1516 11
1517 27
1518 27
1519 43
1520 30
1521 4
1522 48
1523 25
1524 43
1525 27
1526 11
1527 17
1528 32
1529 25
1530 11
1531 27
1532 4
1533 11
1534 16
1535 4
1536 35
1537 26
1538 26
1539 30
1540 19
1541 2
1542 7
1543 30
1544 13
1545 35
1546 41
1547 37
1548 18
1549 30
1550 27
1551 20
1552 26
1553 35
1554 35
1555 27
1556 18
1557 35
1558 2
1559 2
1560 19
1561 44
1562 19
1563 27
1564 43
1565 29
1566 44
1567 41
1568 25
1569 28
1570 28
1571 2
1572 6
1573 29
1574 25
1575 17
1576 46
1577 11
1578 5
1579 23
1580 6
1581 19
1582 25
1583 35
1584 1
1585 1
1586 23
1587 19
1588 21
1589 35
1590 38
1591 25
1592 36
1593 35
1594 23
1595 44
1596 35
1597 27
1598 30
1599 2
1600 27
1601 42
1602 23
1603 19
1604 17
1605 35
1606 27
1607 38
1608 19
1609 17
1610 25
1611 35
1612 1
1613 2
1614 30
1615 8
1616 26
1617 35
1618 25
1619 14
1620 1
1621 25
1622 25
1623 27
1624 26
1625 25
1626 8
1627 2
1628 2
1629 25
1630 34
1631 11
1632 13
1633 8
1634 2
1635 35
1636 8
1637 2
1638 7
1639 25
1640 36
1641 37
1642 42
1643 27
1644 4
1645 27
1646 38
1647 24
1648 27
1649 21
1650 35
1651 19
1652 37
1653 32
1654 27
1655 35
1656 3
1657 35
1658 2
1659 38
1660 11
1661 42
1662 27
1663 19
1664 8
1665 19
1666 4
1667 44
1668 26
1669 19
1670 19
1671 8
1672 12
1673 19
1674 27
1675 37
1676 43
1677 43
1678 35
1679 27
1680 27
1681 27
1682 25
1683 15
1684 37
1685 8
1686 35
1687 19
1688 0
1689 24
1690 31
1691 27
1692 40
1693 2
1694 35
1695 7
1696 27
1697 2
1698 2
1699 19
1700 27
1701 35
1702 19
1703 5
1704 27
1705 35
1706 2
1707 35
1708 26
1709 10
1710 35
1711 35
1712 25
1713 37
1714 10
1715 26
1716 16
1717 31
1718 30
1719 10
1720 10
1721 27
1722 35
1723 38
1724 14
1725 35
1726 14
1727 40
1728 12
1729 25
1730 35
1731 14
1732 10
1733 25
1734 16
1735 35
1736 7
1737 19
1738 20
1739 35
1740 31
1741 40
1742 27
1743 14
1744 2
1745 25
1746 40
1747 2
1748 18
1749 27
1750 18
1751 14
1752 2
1753 37
1754 2
1755 2
1756 25
1757 35
1758 14
1759 14
1760 5
1761 44
1762 25
1763 10
1764 2
1765 10
1766 10
1767 38
1768 10
1769 14
1770 10
1771 20
1772 2
1773 24
1774 2
1775 27
1776 20
1777 18
1778 14
1779 34
1780 25
1781 2
1782 2
1783 2
1784 10
1785 2
1786 10
1787 27
1788 10
1789 35
1790 10
1791 14
1792 2
1793 14
1794 25
1795 9
1796 2
1797 37
1798 35
1799 35
1800 25
1801 14
1802 10
1803 2
1804 19
1805 8
1806 25
1807 25
1808 35
1809 22
1810 24
1811 2
1812 16
1813 14
1814 35
1815 31
1816 10
1817 19
1818 2
1819 14
1820 22
1821 10
1822 14
1823 2
1824 27
1825 10
1826 27
1827 22
1828 29
1829 25
1830 37
1831 35
1832 10
1833 19
1834 45
1835 37
1836 27
1837 27
1838 40
1839 22
1840 10
1841 18
1842 27
1843 10
1844 22
1845 14
1846 19
1847 2
1848 10
1849 22
1850 35
1851 2
1852 15
1853 35
1854 27
1855 19
1856 15
1857 22
1858 35
1859 22
1860 31
1861 25
1862 27
1863 14
1864 46
1865 14
1866 22
1867 25
1868 22
1869 10
1870 32
1871 19
1872 35
1873 27
1874 2
1875 21
1876 19
1877 28
1878 14
1879 10
1880 11
1881 35
1882 14
1883 14
1884 27
1885 24
1886 19
1887 27
1888 38
1889 19
1890 29
1891 43
1892 19
1893 10
1894 27
1895 43
1896 19
1897 22
1898 37
1899 40
1900 25
1901 24
1902 19
1903 10
1904 14
1905 44
1906 19
1907 10
1908 14
1909 26
1910 2
1911 12
1912 38
1913 2
1914 32
1915 13
1916 10
1917 24
1918 10
1919 19
1920 13
1921 19
1922 21
1923 19
1924 48
1925 14
1926 12
1927 2
1928 14
1929 8
1930 19
1931 19
1932 35
1933 19
1934 12
1935 23
1936 43
1937 35
1938 10
1939 0
1940 14
1941 35
1942 35
1943 35
1944 22
1945 35
1946 10
1947 14
1948 22
1949 19
1950 43
1951 14
1952 43
1953 4
1954 35
1955 2
1956 14
1957 19
1958 25
1959 18
1960 42
1961 14
1962 25
1963 2
1964 42
1965 10
1966 9
1967 47
1968 19
1969 35
1970 35
1971 35
1972 4
1973 14
1974 25
1975 22
1976 43
1977 22
1978 19
1979 19
1980 10
1981 43
1982 27
1983 43
1984 25
1985 43
1986 2
1987 25
1988 27
1989 27
1990 10
1991 19
1992 35
1993 22
1994 27
1995 2
1996 10
1997 25
1998 43
1999 27
2000 43
2001 14
2002 27
2003 27
2004 15
2005 14
2006 22
2007 10
2008 42
2009 25
2010 25
2011 19
2012 10
2013 27
2014 25
2015 10
2016 14
2017 27
2018 2
2019 25
2020 27
2021 4
2022 35
2023 10
2024 22
2025 25
2026 42
2027 25
2028 14
2029 27
2030 11
2031 19
2032 42
2033 22
2034 27
2035 19
2036 43
2037 19
2038 17
2039 22
2040 41
2041 37
2042 10
2043 35
2044 8
2045 19
2046 2
2047 10
2048 13
2049 43
2050 15
2051 15
2052 31
2053 13
2054 27
2055 43
2056 19
2057 43
2058 13
2059 15
2060 42
2061 30
2062 22
2063 43
2064 27
2065 48
2066 43
2067 27
2068 4
2069 18
2070 11
2071 14
2072 43
2073 2
2074 28
2075 18
2076 10
2077 2
2078 4
2079 22
2080 18
2081 28
2082 11
2083 12
2084 13
2085 30
2086 10
2087 1
2088 10
2089 14
2090 2
2091 14
2092 15
2093 24
2094 14
2095 18
2096 24
2097 43
2098 22
2099 41
2100 10
2101 4
2102 14
2103 15
2104 8
2105 7
2106 41
2107 14
2108 34
2109 42
2110 18
2111 48
2112 16
2113 4
2114 8
2115 32
2116 19
2117 22
2118 43
2119 26
2120 2
2121 42
2122 22
2123 47
2124 19
2125 1
2126 19
2127 11
2128 34
2129 9
2130 42
2131 42
2132 35
2133 3
2134 32
2135 24
2136 3
2137 4
2138 2
2139 28
2140 2
2141 26
2142 5
2143 43
2144 21
2145 5
2146 2
2147 14
2148 32
2149 19
2150 40
2151 4
2152 16
2153 44
2154 42
2155 7
2156 22
2157 12
2158 4
2159 42
2160 42
2161 40
2162 43
2163 37
2164 8
2165 28
2166 48
2167 42
2168 43
2169 37
2170 2
2171 0
2172 43
2173 3
2174 2
2175 26
2176 19
2177 14
2178 41
2179 3
2180 18
2181 19
2182 8
2183 38
2184 10
2185 8
2186 14
2187 29
2188 26
2189 43
2190 24
2191 24
2192 10
2193 2
2194 18
2195 42
2196 38
2197 17
2198 10
2199 40
2200 37
2201 32
2202 10
2203 22
2204 30
2205 14
2206 36
2207 45
2208 2
2209 27
2210 43
2211 26
2212 10
2213 3
2214 32
2215 14
2216 42
2217 2
2218 15
2219 2
2220 27
2221 30
2222 21
2223 9
2224 37
2225 38
2226 26
2227 40
2228 14
2229 16
2230 22
2231 42
2232 5
2233 4
2234 2
2235 8
2236 41
2237 1
2238 43
2239 30
2240 38
2241 47
2242 9
2243 8
2244 30
2245 42
2246 35
2247 19
2248 35
2249 2
2250 40
2251 43
2252 19
2253 41
2254 17
2255 2
2256 2
2257 30
2258 40
2259 30
2260 30
2261 35
2262 6
2263 19
2264 37
2265 10
2266 42
2267 42
2268 42
2269 42
2270 22
2271 42
2272 18
2273 8
2274 10
2275 2
2276 30
2277 19
2278 42
2279 35
2280 2
2281 42
2282 43
2283 38
2284 33
2285 39
2286 41
2287 38
2288 37
2289 40
2290 2
2291 11
2292 30
2293 2
2294 48
2295 37
2296 47
2297 43
2298 18
2299 12
2300 22
2301 30
2302 43
2303 48
2304 3
2305 2
2306 9
2307 47
2308 23
2309 14
2310 10
2311 35
2312 28
2313 7
2314 37
2315 4
2316 8
2317 40
2318 10
2319 40
2320 22
2321 2
2322 40
2323 22
2324 30
2325 20
2326 42
2327 8
2328 30
2329 17
2330 29
2331 20
2332 8
2333 14
2334 43
2335 10
2336 35
2337 2
2338 42
2339 43
2340 22
2341 42
2342 14
2343 41
2344 1
2345 45
2346 2
2347 37
2348 42
2349 30
2350 46
2351 19
2352 43
2353 10
2354 19
2355 22
2356 2
2357 42
2358 2
2359 30
2360 36
2361 30
2362 1
2363 20
2364 42
2365 35
2366 25
2367 22
2368 40
2369 30
2370 2
2371 32
2372 11
2373 30
2374 22
2375 2
2376 40
2377 11
2378 25
2379 39
2380 30
2381 32
2382 0
2383 2
2384 25
2385 25
2386 27
2387 20
2388 25
2389 22
2390 26
2391 2
2392 26
2393 30
2394 26
2395 43
2396 25
2397 11
2398 30
2399 25
2400 26
2401 10
2402 27
2403 39
2404 25
2405 8
2406 11
2407 0
2408 25
2409 2
2410 25
2411 2
2412 42
2413 38
2414 25
2415 34
2416 1
2417 21
2418 39
2419 32
2420 37
2421 25
2422 14
2423 1
2424 8
2425 25
2426 7
2427 18
2428 31
2429 26
2430 2
2431 37
2432 2
2433 2
2434 25
2435 26
2436 7
2437 25
2438 25
2439 24
2440 39
2441 4
2442 39
2443 25
2444 2
2445 8
2446 30
2447 28
2448 42
2449 25
2450 2
2451 11
2452 26
2453 25
2454 2
2455 6
2456 25
2457 25
2458 12
2459 5
2460 25
2461 46
2462 25
2463 35
2464 38
2465 2
2466 10
2467 17
2468 36
2469 4
2470 40
2471 1
2472 35
2473 25
2474 4
2475 22
2476 43
2477 7
2478 3
2479 9
2480 25
2481 9
2482 3
2483 4
2484 9
2485 10
2486 7
2487 25
2488 25
2489 35
2490 25
2491 13
2492 4
2493 7
2494 41
2495 38
2496 36
2497 30
2498 15
2499 35
2500 10
2501 11
2502 26
2503 26
2504 2
2505 34
2506 43
2507 10
2508 26
2509 9
2510 25
2511 25
2512 4
2513 36
2514 2
2515 27
2516 2
2517 20
2518 9
2519 2
2520 27
2521 44
2522 0
2523 13
2524 47
2525 13
2526 42
2527 21
2528 4
2529 25
2530 25
2531 35
2532 11
2533 17
2534 27
2535 40
2536 20
2537 10
2538 37
2539 30
2540 27
2541 30
2542 26
2543 40
2544 25
2545 17
2546 10
2547 27
2548 4
2549 42
2550 8
2551 18
2552 41
2553 25
2554 27
2555 2
2556 31
2557 45
2558 35
2559 2
2560 9
2561 25
2562 22
2563 23
2564 2
2565 3
2566 2
2567 25
2568 26
2569 7
2570 16
2571 2
2572 43
2573 9
2574 27
2575 25
2576 15
2577 29
2578 27
2579 27
2580 15
2581 25
2582 2
2583 25
2584 27
2585 27
2586 27
2587 15
2588 27
2589 18
2590 20
2591 33
2592 30
2593 7
2594 25
2595 43
2596 30
2597 27
2598 25
2599 42
2600 36
2601 43
2602 25
2603 41
2604 2
2605 30
2606 30
2607 2
2608 9
2609 16
2610 15
2611 23
2612 21
2613 4
2614 46
2615 27
2616 25
2617 25
2618 35
2619 11
2620 9
2621 27
2622 4
2623 27
2624 25
2625 43
2626 27
2627 43
2628 46
2629 43
2630 25
2631 32
2632 20
2633 25
2634 2
2635 30
2636 24
2637 27
2638 42
2639 2
2640 0
2641 32
2642 38
2643 26
2644 15
2645 25
2646 1
2647 24
2648 6
2649 4
2650 3
2651 32
2652 25
2653 25
2654 11
2655 2
2656 19
2657 32
2658 9
2659 27
2660 3
2661 28
2662 25
2663 27
2664 26
2665 21
2666 18
2667 27
2668 3
2669 24
2670 25
2671 2
2672 19
2673 19
2674 25
2675 8
2676 4
2677 8
2678 19
2679 2
2680 27
2681 38
2682 25
2683 38
2684 19
2685 1
2686 14
2687 0
2688 38
2689 2
2690 18
2691 2
2692 32
2693 2
2694 27
2695 40
2696 40
2697 27
2698 37
2699 35
2700 27
2701 27
2702 2
2703 37
2704 29
2705 1
2706 31
2707 9
2708 40
2709 8
2710 35
2711 19
2712 15
2713 22
2714 2
2715 27
2716 19
2717 7
2718 0
2719 19
2720 2
2721 2
2722 40
2723 46
2724 19
2725 3
2726 17
2727 19
2728 2
2729 15
2730 19
2731 37
2732 9
2733 44
2734 16
2735 30
2736 24
2737 30
2738 27
2739 26
2740 15
2741 19
2742 2
2743 19
2744 38
2745 32
2746 2
2747 25
2748 12
2749 14
2750 10
2751 19
2752 19
2753 14
2754 25
2755 10
2756 43
2757 19
2758 2
2759 38
2760 10
2761 19
2762 24
2763 25
2764 17
2765 2
2766 6
2767 22
2768 24
2769 10
2770 14
2771 14
2772 25
2773 10
2774 27
2775 15
2776 10
2777 14
2778 10
2779 39
2780 14
2781 10
2782 40
2783 22
2784 19
2785 17
2786 13
2787 22
2788 13
2789 39
2790 13
2791 1
2792 30
2793 27
2794 2
2795 33
2796 19
2797 19
2798 10
2799 14
2800 10
2801 25
2802 38
2803 25
2804 4
2805 27
2806 25
2807 14
2808 10
2809 27
2810 4
2811 27
2812 25
2813 27
2814 10
2815 9
2816 25
2817 22
2818 2
2819 27
2820 19
2821 9
2822 18
2823 13
2824 14
2825 13
2826 22
2827 2
2828 10
2829 27
2830 8
2831 19
2832 16
2833 22
2834 19
2835 25
2836 10
2837 22
2838 27
2839 19
2840 2
2841 19
2842 12
2843 25
2844 19
2845 23
2846 2
2847 41
2848 19
2849 27
2850 27
2851 2
2852 15
2853 27
2854 14
2855 19
2856 2
2857 22
2858 27
2859 2
2860 10
2861 23
2862 2
2863 25
2864 6
2865 18
2866 22
2867 19
2868 10
2869 27
2870 20
2871 22
2872 37
2873 35
2874 19
2875 25
2876 10
2877 35
2878 19
2879 19
2880 35
2881 14
2882 10
2883 25
2884 14
2885 27
2886 48
2887 25
2888 22
2889 22
2890 2
2891 14
2892 35
2893 19
2894 35
2895 10
2896 10
2897 14
2898 25
2899 2
2900 19
2901 40
2902 10
2903 2
2904 14
2905 22
2906 35
2907 46
2908 22
2909 42
2910 35
2911 10
2912 14
2913 2
2914 22
2915 25
2916 35
2917 32
2918 14
2919 22
2920 10
2921 19
2922 14
2923 43
2924 19
2925 14
2926 10
2927 35
2928 11
2929 22
2930 13
2931 44
2932 22
2933 15
2934 46
2935 37
2936 0
2937 35
2938 38
2939 22
2940 10
2941 25
2942 19
2943 7
2944 27
2945 44
2946 10
2947 43
2948 17
2949 7
2950 43
2951 14
2952 14
2953 26
2954 25
2955 21
2956 7
2957 11
2958 3
2959 43
2960 14
2961 35
2962 10
2963 43
2964 2
2965 25
2966 4
2967 14
2968 35
2969 34
2970 2
2971 10
2972 22
2973 44
2974 10
2975 25
2976 19
2977 22
2978 35
2979 25
2980 22
2981 35
2982 27
2983 7
2984 19
2985 2
2986 10
2987 22
2988 9
2989 27
2990 25
2991 27
2992 16
2993 35
2994 43
2995 46
2996 22
2997 14
2998 22
2999 10
3000 25
3001 10
3002 22
3003 10
3004 4
3005 17
3006 41
3007 42
3008 43
3009 27
3010 25
3011 27
3012 26
3013 35
3014 16
3015 19
3016 22
3017 19
3018 42
3019 25
3020 42
3021 25
3022 43
3023 42
3024 41
3025 19
3026 6
3027 40
3028 10
3029 19
3030 2
3031 35
3032 22
3033 20
3034 25
3035 42
3036 0
3037 2
3038 2
3039 10
3040 42
3041 40
3042 25
3043 10
3044 22
3045 25
3046 27
3047 43
3048 25
3049 44
3050 27
3051 10
3052 22
3053 27
3054 14
3055 26
3056 19
3057 35
3058 18
3059 22
3060 27
3061 42
3062 19
3063 35
3064 11
3065 27
3066 27
3067 14
3068 22
3069 2
3070 25
3071 35
3072 42
3073 2
3074 14
3075 19
3076 35
3077 2
3078 35
3079 11
3080 25
3081 31
3082 47
3083 14
3084 10
3085 35
3086 19
3087 11
3088 18
3089 2
3090 22
3091 26
3092 19
3093 14
3094 2
3095 2
3096 19
3097 25
3098 25
3099 23
3100 35
3101 43
3102 22
3103 22
3104 19
3105 27
3106 35
3107 25
3108 2
3109 4
3110 19
3111 19
3112 15
3113 25
3114 25
3115 26
3116 2
3117 36
3118 10
3119 22
3120 2
3121 27
3122 25
3123 37
3124 22
3125 19
3126 18
3127 2
3128 11
3129 2
3130 27
3131 42
3132 2
3133 22
3134 28
3135 1
3136 24
3137 28
3138 25
3139 25
3140 8
3141 35
3142 9
3143 27
3144 42
3145 27
3146 27
3147 27
3148 9
3149 10
3150 42
3151 35
3152 4
3153 24
3154 30
3155 19
3156 25
3157 42
3158 25
3159 35
3160 19
3161 25
3162 27
3163 27
3164 25
3165 43
3166 35
3167 24
3168 1
3169 25
3170 1
3171 35
3172 10
3173 2
3174 25
3175 15
3176 35
3177 37
3178 2
3179 10
3180 27
3181 19
3182 42
3183 42
3184 19
3185 2
3186 27
3187 25
3188 32
3189 35
3190 19
3191 33
3192 42
3193 19
3194 24
3195 19
3196 2
3197 19
3198 11
3199 40
3200 19
3201 35
3202 35
3203 35
3204 43
3205 40
3206 2
3207 19
3208 42
3209 19
3210 6
3211 14
3212 43
3213 43
3214 19
3215 25
3216 42
3217 27
3218 27
3219 19
3220 27
3221 25
3222 18
3223 38
3224 35
3225 1
3226 27
3227 22
3228 25
3229 19
3230 22
3231 35
3232 35
3233 43
3234 14
3235 25
3236 30
3237 38
3238 22
3239 35
3240 23
3241 19
3242 38
3243 8
3244 42
3245 2
3246 19
3247 42
3248 25
3249 37
3250 22
3251 10
3252 45
3253 42
3254 27
3255 27
3256 19
3257 35
3258 17
3259 2
3260 19
3261 27
3262 2
3263 14
3264 2
3265 37
3266 35
3267 19
3268 37
3269 43
3270 30
3271 27
3272 43
3273 25
3274 46
3275 25
3276 6
3277 17
3278 27
3279 19
3280 35
3281 2
3282 14
3283 25
3284 35
3285 19
3286 25
3287 35
3288 35
3289 10
3290 10
3291 2
3292 24
3293 10
3294 37
3295 12
3296 25
3297 2
3298 25
3299 41
3300 2
3301 34
3302 30
3303 19
3304 25
3305 38
3306 40
3307 30
3308 35
3309 4
3310 42
3311 27
3312 30
3313 43
3314 17
3315 6
3316 27
3317 42
3318 10
3319 16
3320 19
3321 41
3322 27
3323 10
3324 25
3325 30
3326 19
3327 30
3328 19
3329 10
3330 36
3331 20
3332 38
3333 20
3334 25
3335 35
3336 25
3337 2
3338 13
3339 41
3340 8
3341 18
3342 43
3343 14
3344 27
3345 35
3346 43
3347 40
3348 19
3349 25
3350 38
3351 19
3352 2
3353 23
3354 33
3355 22
3356 16
3357 25
3358 25
3359 2
3360 19
3361 22
3362 41
3363 35
3364 24
3365 41
3366 14
3367 27
3368 19
3369 30
3370 35
3371 22
3372 22
3373 19
3374 35
3375 8
3376 13
3377 2
3378 2
3379 26
3380 12
3381 6
3382 26
3383 25
3384 43
3385 27
3386 27
3387 35
3388 26
3389 27
3390 26
3391 7
3392 32
3393 19
3394 37
3395 26
3396 43
3397 34
3398 25
3399 27
3400 30
3401 13
3402 3
3403 38
3404 27
3405 2
3406 27
3407 19
3408 48
3409 35
3410 2
3411 19
3412 27
3413 27
3414 25
3415 10
3416 2
3417 42
3418 27
3419 35
3420 27
3421 2
3422 35
3423 25
3424 14
3425 48
3426 8
3427 21
3428 35
3429 45
3430 25
3431 35
3432 26
3433 39
3434 40
3435 35
3436 19
3437 27
3438 25
3439 38
3440 42
3441 26
3442 5
3443 25
3444 30
3445 25
3446 19
3447 7
3448 27
3449 35
3450 11
3451 1
3452 19
3453 27
3454 30
3455 43
3456 19
3457 19
3458 35
3459 2
3460 2
3461 26
3462 38
3463 38
3464 7
3465 47
3466 25
3467 24
3468 13
3469 27
3470 27
3471 45
3472 42
3473 17
3474 19
3475 25
3476 27
3477 27
3478 27
3479 25
3480 32
3481 40
3482 45
3483 32
3484 38
3485 2
3486 35
3487 2
3488 27
3489 16
3490 38
3491 19
3492 26
3493 42
3494 25
3495 25
3496 19
3497 27
3498 15
3499 25
3500 27
3501 27
3502 19
3503 2
3504 25
3505 9
3506 2
3507 19
3508 2
3509 2
3510 26
3511 17
3512 27
3513 19
3514 19
3515 9
3516 34
3517 11
3518 16
3519 8
3520 30
3521 19
3522 4
3523 27
3524 13
3525 19
3526 25
3527 43
3528 19
3529 19
3530 25
3531 27
3532 15
3533 35
3534 2
3535 25
3536 2
3537 19
3538 2
3539 35
3540 25
3541 15
3542 20
3543 29
3544 0
3545 35
3546 27
3547 44
3548 22
3549 2
3550 27
3551 30
3552 27
3553 41
3554 15
3555 15
3556 19
3557 25
3558 2
3559 25
3560 15
3561 27
3562 32
3563 2
3564 41
3565 13
3566 25
3567 19
3568 2
3569 27
3570 2
3571 16
3572 42
3573 26
3574 42
3575 25
3576 35
3577 2
3578 27
3579 33
3580 25
3581 19
3582 26
3583 8
3584 14
3585 33
3586 27
3587 39
3588 35
3589 2
3590 13
3591 45
3592 19
3593 9
3594 9
3595 25
3596 19
3597 19
3598 2
3599 14
3600 35
3601 20
3602 30
3603 25
3604 15
3605 2
3606 25
3607 35
3608 2
3609 36
3610 19
3611 23
3612 25
3613 27
3614 18
3615 6
3616 2
3617 4
3618 25
3619 25
3620 19
3621 9
3622 28
3623 30
3624 27
3625 42
3626 25
3627 26
3628 25
3629 20
3630 19
3631 2
3632 25
3633 6
3634 19
3635 2
3636 25
3637 2
3638 35
3639 19
3640 6
3641 2
3642 35
3643 25
3644 24
3645 2
3646 2
3647 18
3648 18
3649 35
3650 19
3651 8
3652 25
3653 22
3654 19
3655 27
3656 25
3657 28
3658 28
3659 26
3660 27
3661 25
3662 19
3663 35
3664 25
3665 2
3666 42
3667 0
3668 25
3669 27
3670 35
3671 40
3672 30
3673 1
3674 19
3675 19
3676 2
3677 2
3678 2
3679 19
3680 18
3681 4
3682 35
3683 25
3684 16
3685 8
3686 27
3687 40
3688 2
3689 4
3690 48
3691 19
3692 19
3693 25
3694 32
3695 27
3696 27
3697 27
3698 35
3699 37
3700 2
3701 27
3702 2
3703 25
3704 35
3705 25
3706 33
3707 40
3708 37
3709 27
3710 25
3711 22
3712 19
3713 15
3714 2
3715 35
3716 27
3717 35
3718 27
3719 9
3720 27
3721 8
3722 24
3723 2
3724 42
3725 2
3726 27
3727 33
3728 24
3729 27
3730 35
3731 25
3732 25
3733 27
3734 35
3735 2
3736 40
3737 19
3738 3
3739 25
3740 45
3741 19
3742 35
3743 12
3744 7
3745 2
3746 19
3747 21
3748 2
3749 19
3750 2
3751 10
3752 19
3753 31
3754 19
3755 2
3756 47
3757 19
3758 35
3759 27
3760 17
3761 27
3762 19
3763 4
3764 2
3765 33
3766 10
3767 38
3768 25
3769 14
3770 10
3771 10
3772 25
3773 19
3774 27
3775 40
3776 27
3777 10
3778 35
3779 2
3780 14
3781 18
3782 37
3783 10
3784 35
3785 25
3786 2
3787 27
3788 43
3789 26
3790 14
3791 25
3792 25
3793 8
3794 35
3795 19
3796 10
3797 23
3798 2
3799 22
3800 22
3801 14
3802 14
3803 19
3804 27
3805 25
3806 11
3807 2
3808 14
3809 27
3810 27
3811 19
3812 37
3813 8
3814 2
3815 19
3816 27
3817 2
3818 10
3819 27
3820 13
3821 14
3822 2
3823 27
3824 35
3825 39
3826 19
3827 25
3828 2
3829 19
3830 22
3831 25
3832 22
3833 24
3834 14
3835 2
3836 27
3837 17
3838 41
3839 35
3840 22
3841 10
3842 27
3843 22
3844 35
3845 10
3846 19
3847 25
3848 41
3849 32
3850 35
3851 35
3852 19
3853 2
3854 35
3855 27
3856 14
3857 14
3858 22
3859 22
3860 22
3861 35
3862 25
3863 16
3864 25
3865 19
3866 35
3867 14
3868 16
3869 12
3870 19
3871 0
3872 27
3873 6
3874 40
3875 22
3876 14
3877 25
3878 25
3879 22
3880 35
3881 25
3882 14
3883 14
3884 19
3885 40
3886 46
3887 27
3888 25
3889 25
3890 22
3891 10
3892 19
3893 16
3894 37
3895 14
3896 10
3897 35
3898 14
3899 10
3900 19
3901 46
3902 10
3903 19
3904 26
3905 14
3906 35
3907 10
3908 10
3909 35
3910 27
3911 25
3912 38
3913 19
3914 2
3915 19
3916 35
3917 25
3918 27
3919 2
3920 35
3921 38
3922 35
3923 2
3924 25
3925 19
3926 14
3927 25
3928 35
3929 19
3930 25
3931 29
3932 11
3933 42
3934 2
3935 11
3936 22
3937 43
3938 22
3939 30
3940 35
3941 43
3942 37
3943 19
3944 14
3945 48
3946 19
3947 10
3948 11
3949 22
3950 43
3951 27
3952 43
3953 8
3954 19
3955 25
3956 46
3957 35
3958 14
3959 10
3960 43
3961 2
3962 19
3963 15
3964 25
3965 35
3966 18
3967 2
3968 14
3969 14
3970 2
3971 22
3972 10
3973 35
3974 2
3975 10
3976 27
3977 22
3978 12
3979 25
3980 25
3981 22
3982 22
3983 21
3984 2
3985 11
3986 27
3987 27
3988 35
3989 35
3990 43
3991 43
3992 4
3993 27
3994 25
3995 25
3996 35
3997 19
3998 26
3999 16
4000 19
4001 14
4002 14
4003 43
4004 14
4005 25
4006 42
4007 19
4008 19
4009 22
4010 35
4011 14
4012 25
4013 25
4014 2
4015 35
4016 25
4017 25
4018 22
4019 10
4020 27
4021 9
4022 29
4023 27
4024 42
4025 27
4026 43
4027 43
4028 4
4029 16
4030 42
4031 25
4032 42
4033 2
4034 14
4035 35
4036 2
4037 46
4038 2
4039 35
4040 42
4041 42
4042 19
4043 22
4044 35
4045 15
4046 35
4047 22
4048 41
4049 43
4050 10
4051 14
4052 2
4053 17
4054 19
4055 25
4056 35
4057 25
4058 14
4059 9
4060 47
4061 27
4062 14
4063 12
4064 19
4065 27
4066 35
4067 35
4068 43
4069 22
4070 35
4071 10
4072 6
4073 36
4074 27
4075 22
4076 4
4077 16
4078 25
4079 9
4080 42
4081 27
4082 43
4083 35
4084 19
4085 22
4086 42
4087 14
4088 10
4089 2
4090 42
4091 10
4092 2
4093 4
4094 14
4095 25
4096 22
4097 14
4098 26
4099 18
4100 7
4101 2
4102 43
4103 22
4104 47
4105 22
4106 5
4107 43
4108 30
4109 12
4110 6
4111 26
4112 26
4113 43
4114 9
4115 16
4116 25
4117 36
4118 28
4119 14
4120 43
4121 43
4122 42
4123 4
4124 9
4125 9
4126 19
4127 43
4128 28
4129 25
4130 42
4131 29
4132 10
4133 23
4134 9
4135 24
4136 41
4137 22
4138 2
4139 2
4140 46
4141 9
4142 14
4143 11
4144 18
4145 4
4146 2
4147 14
4148 14
4149 26
4150 8
4151 32
4152 4
4153 16
4154 42
4155 10
4156 2
4157 9
4158 2
4159 2
4160 2
4161 15
4162 4
4163 2
4164 35
4165 22
4166 15
4167 8
4168 24
4169 38
4170 42
4171 20
4172 21
4173 0
4174 2
4175 18
4176 4
4177 40
4178 22
4179 35
4180 41
4181 42
4182 2
4183 10
4184 40
4185 26
4186 38
4187 26
4188 42
4189 42
4190 4
4191 44
4192 2
4193 16
4194 4
4195 41
4196 38
4197 43
4198 40
4199 14
4200 18
4201 0
4202 21
4203 22
4204 37
4205 19
4206 42
4207 22
4208 22
4209 35
4210 2
4211 28
4212 14
4213 28
4214 2
4215 43
4216 2
4217 37
4218 15
4219 10
4220 39
4221 43
4222 39
4223 1
4224 40
4225 7
4226 26
4227 32
4228 2
4229 2
4230 26
4231 3
4232 1
4233 27
4234 38
4235 12
4236 37
4237 4
4238 40
4239 9
4240 17
4241 38
4242 17
4243 43
4244 14
4245 14
4246 25
4247 42
4248 10
4249 34
4250 43
4251 14
4252 2
4253 18
4254 10
4255 39
4256 30
4257 40
4258 18
4259 22
4260 22
4261 8
4262 30
4263 10
4264 10
4265 35
4266 14
4267 30
4268 11
4269 37
4270 39
4271 17
4272 2
4273 38
4274 15
4275 2
4276 29
4277 42
4278 17
4279 9
4280 2
4281 10
4282 35
4283 9
4284 27
4285 2
4286 14
4287 37
4288 35
4289 34
4290 17
4291 33
4292 30
4293 2
4294 43
4295 24
4296 13
4297 40
4298 27
4299 35
4300 33
4301 2
4302 22
4303 30
4304 38
4305 17
4306 9
4307 7
4308 13
4309 42
4310 2
4311 1
4312 42
4313 35
4314 16
4315 42
4316 38
4317 47
4318 17
4319 43
4320 30
4321 35
4322 43
4323 22
4324 34
4325 43
4326 43
4327 2
4328 35
4329 21
4330 2
4331 2
4332 19
4333 30
4334 2
4335 42
4336 15
4337 16
4338 38
4339 16
4340 37
4341 2
4342 2
4343 20
4344 6
4345 40
4346 3
4347 12
4348 37
4349 35
4350 35
4351 4
4352 14
4353 42
4354 2
4355 14
4356 30
4357 22
4358 43
4359 42
4360 4
4361 33
4362 2
4363 9
4364 18
4365 4
4366 20
4367 14
4368 42
4369 45
4370 30
4371 35
4372 45
4373 41
4374 26
4375 38
4376 2
4377 30
4378 47
4379 41
4380 10
4381 14
4382 10
4383 21
4384 41
4385 6
4386 40
4387 27
4388 43
4389 8
4390 12
4391 2
4392 25
4393 25
4394 22
4395 42
4396 25
4397 21
4398 38
4399 21
4400 2
4401 43
4402 25
4403 42
4404 2
4405 26
4406 38
4407 2
4408 1
4409 10
4410 35
4411 6
4412 2
4413 2
4414 24
4415 6
4416 26
4417 40
4418 22
4419 26
4420 2
4421 26
4422 25
4423 25
4424 26
4425 25
4426 26
4427 11
4428 36
4429 2
4430 38
4431 16
4432 40
4433 6
4434 3
4435 30
4436 17
4437 26
4438 43
4439 26
4440 14
4441 1
4442 2
4443 25
4444 2
4445 31
4446 6
4447 25
4448 22
4449 25
4450 11
4451 37
4452 43
4453 30
4454 9
4455 19
4456 24
4457 2
4458 19
4459 34
4460 2
4461 25
4462 25
4463 5
4464 30
4465 26
4466 43
4467 27
4468 9
4469 3
4470 26
4471 25
4472 38
4473 10
4474 1
4475 11
4476 28
4477 2
4478 22
4479 15
4480 1
4481 25
4482 15
4483 2
4484 4
4485 25
4486 39
4487 33
4488 14
4489 2
4490 38
4491 43
4492 7
4493 2
4494 15
4495 26
4496 42
4497 25
4498 2
4499 23
4500 26
4501 11
4502 4
4503 26
4504 3
4505 21
4506 42
4507 10
4508 35
4509 31
4510 4
4511 35
4512 37
4513 4
4514 45
4515 14
4516 16
4517 37
4518 30
4519 1
4520 14
4521 25
4522 17
4523 35
4524 2
4525 15
4526 10
4527 10
4528 30
4529 35
4530 30
4531 35
4532 2
4533 13
4534 12
4535 10
4536 12
4537 2
4538 43
4539 25
4540 2
4541 14
4542 15
4543 31
4544 28
4545 46
4546 41
4547 25
4548 2
4549 33
4550 26
4551 11
4552 16
4553 35
4554 25
4555 28
4556 15
4557 27
4558 4
4559 14
4560 41
4561 25
4562 41
4563 11
4564 19
4565 1
4566 15
4567 27
4568 42
4569 2
4570 10
4571 25
4572 2
4573 2
4574 16
4575 2
4576 2
4577 27
4578 38
4579 25
4580 4
4581 43
4582 8
4583 20
4584 9
4585 25
4586 35
4587 25
4588 14
4589 33
4590 17
4591 20
4592 25
4593 2
4594 43
4595 27
4596 25
4597 41
4598 27
4599 25
4600 9
4601 25
4602 38
4603 13
4604 25
4605 14
4606 12
4607 20
4608 2
4609 25
4610 25
4611 15
4612 35
4613 4
4614 4
4615 41
4616 25
4617 2
4618 2
4619 2
4620 26
4621 22
4622 15
4623 42
4624 4
4625 10
4626 28
4627 42
4628 29
4629 15
4630 0
4631 29
4632 14
4633 42
4634 27
4635 30
4636 27
4637 22
4638 26
4639 25
4640 4
4641 25
4642 4
4643 25
4644 25
4645 21
4646 45
4647 20
4648 25
4649 9
4650 16
4651 44
4652 27
4653 2
4654 26
4655 28
4656 24
4657 25
4658 46
4659 10
4660 42
4661 29
4662 47
4663 30
4664 14
4665 9
4666 15
4667 21
4668 1
4669 16
4670 27
4671 18
4672 25
4673 41
4674 8
4675 8
4676 30
4677 47
4678 30
4679 25
4680 37
4681 41
4682 25
4683 27
4684 27
4685 38
4686 25
4687 27
4688 30
4689 27
4690 38
4691 2
4692 2
4693 15
4694 8
4695 19
4696 25
4697 27
4698 41
4699 2
4700 8
4701 40
4702 18
4703 30
4704 38
4705 8
4706 25
4707 30
4708 48
4709 42
4710 2
4711 45
4712 43
4713 27
4714 19
4715 19
4716 38
4717 32
4718 2
4719 2
4720 19
4721 27
4722 27
4723 40
4724 40
4725 2
4726 31
4727 32
4728 24
4729 18
4730 40
4731 13
4732 25
4733 24
4734 31
4735 26
4736 2
4737 3
4738 38
4739 27
4740 7
4741 27
4742 38
4743 2
4744 2
4745 19
4746 1
4747 26
4748 24
4749 21
4750 19
4751 19
4752 25
4753 25
4754 45
4755 19
4756 25
4757 19
4758 27
4759 25
4760 9
4761 1
4762 27
4763 2
4764 27
4765 27
4766 28
4767 2
4768 27
4769 19
4770 25
4771 11
4772 2
4773 27
4774 17
4775 19
4776 4
4777 38
4778 32
4779 40
4780 8
4781 25
4782 27
4783 2
4784 2
4785 43
4786 42
4787 27
4788 47
4789 25
4790 24
4791 10
4792 32
4793 37
4794 8
4795 27
4796 25
4797 9
4798 38
4799 16
4800 32
4801 2
4802 27
4803 27
4804 25
4805 2
4806 2
4807 19
4808 27
4809 27
4810 19
4811 41
4812 2
4813 19
4814 14
4815 27
4816 22
4817 25
4818 14
4819 14
4820 3
4821 5
4822 22
4823 2
4824 10
4825 12
4826 27
4827 19
4828 22
4829 0
4830 22
4831 22
4832 22
4833 22
4834 16
4835 2
4836 10
4837 19
4838 18
4839 18
4840 27
4841 16
4842 25
4843 47
4844 10
4845 20
4846 19
4847 2
4848 37
4849 42
4850 10
4851 22
4852 25
4853 34
4854 22
4855 27
4856 19
4857 22
4858 27
4859 22
4860 41
4861 10
4862 10
4863 10
4864 40
4865 2
4866 47
4867 19
4868 16
4869 2
4870 27
4871 4
4872 27
4873 45
4874 14
4875 37
4876 25
4877 4
4878 10
4879 8
4880 19
4881 13
4882 27
4883 14
4884 10
4885 2
4886 27
4887 28
4888 32
4889 44
4890 0
4891 19
4892 27
4893 2
4894 14
4895 19
4896 20
4897 27
4898 14
4899 46
4900 27
4901 25
4902 10
4903 22
4904 27
4905 21
4906 27
4907 27
4908 13
4909 14
4910 1
4911 19
4912 0
4913 2
4914 27
4915 25
4916 23
4917 19
4918 10
4919 22
4920 19
4921 38
4922 27
4923 21
4924 35
4925 22
4926 10
4927 25
4928 7
4929 28
4930 35
4931 2
4932 40
4933 35
4934 25
4935 2
4936 2
4937 34
4938 10
4939 25
4940 25
4941 14
4942 35
4943 35
4944 22
4945 11
4946 35
4947 27
4948 2
4949 10
4950 16
4951 19
4952 2
4953 19
4954 22
4955 3
4956 6
4957 37
4958 22
4959 43
4960 42
4961 19
4962 18
4963 14
4964 34
4965 25
4966 37
4967 43
4968 25
4969 19
4970 0
4971 25
4972 18
4973 14
4974 43
4975 35
4976 13
4977 39
4978 28
4979 43
4980 27
4981 25
4982 19
4983 35
4984 43
4985 27
4986 14
4987 10
4988 27
4989 27
4990 43
4991 35
4992 14
4993 10
4994 43
4995 43
4996 25
4997 35
4998 2
4999 27
