0 0
1 1
2 1
3 2
4 3
5 4
6 5
7 6
8 5
9 7
10 1
11 8
12 1
13 9
14 2
15 10
16 10
17 11
18 10
19 0
20 12
21 0
22 10
23 1
24 13
25 14
26 9
27 0
28 15
29 0
30 11
31 0
32 3
33 14
34 14
35 1
36 14
37 14
38 11
39 3
40 16
41 9
42 9
43 9
44 15
45 14
46 8
47 3
48 5
49 17
50 10
51 8
52 10
53 13
54 17
55 16
56 17
57 0
58 17
59 17
60 16
61 0
62 9
63 4
64 1
65 1
66 6
67 6
68 9
69 1
70 10
71 12
72 1
73 14
74 1
75 7
76 9
77 17
78 17
79 0
80 10
81 14
82 1
83 9
84 17
85 13
86 15
87 14
88 0
89 17
90 16
91 1
92 17
93 0
94 9
95 10
96 5
97 18
98 9
99 9
100 14
101 5
102 17
103 17
104 4
105 9
106 15
107 8
108 4
109 17
110 0
111 9
112 1
113 10
114 17
115 2
116 17
117 9
118 17
119 1
120 7
121 0
122 17
123 8
124 10
125 0
126 16
127 17
128 8
129 4
130 10
131 9
132 10
133 8
134 17
135 8
136 9
137 17
138 10
139 12
140 10
141 10
142 10
143 18
144 15
145 1
146 17
147 13
148 14
149 1
150 10
151 10
152 10
153 17
154 10
155 8
156 10
157 17
158 8
159 10
160 17
161 15
162 17
163 5
164 10
165 11
166 10
167 8
168 10
169 9
170 16
171 8
172 4
173 10
174 9
175 10
176 10
177 9
178 17
179 10
180 18
181 17
182 9
183 6
184 6
185 10
186 11
187 11
188 3
189 10
190 12
191 10
192 12
193 1
194 10
195 10
196 4
197 17
198 10
199 17
200 4
201 2
202 10
203 10
204 1
205 10
206 3
207 8
208 11
209 10
210 1
211 10
212 9
213 10
214 17
215 13
216 8
217 16
218 10
219 5
220 17
221 10
222 7
223 18
224 17
225 10
226 12
227 7
228 10
229 10
230 12
231 10
232 9
233 17
234 13
235 9
236 10
237 10
238 7
239 2
240 3
241 14
242 14
243 10
244 10
245 14
246 12
247 4
248 14
249 8
250 8
251 18
252 7
253 10
254 13
255 9
256 13
257 1
258 3
259 5
260 1
261 5
262 10
263 10
264 10
265 10
266 5
267 7
268 10
269 1
270 17
271 10
272 10
273 9
274 13
275 0
276 7
277 18
278 10
279 7
280 2
281 9
282 7
283 5
284 7
285 0
286 4
287 3
288 11
289 4
290 10
291 14
292 16
293 17
294 0
295 7
296 16
297 18
298 13
299 15
300 8
301 10
302 10
303 10
304 0
305 11
306 0
307 0
308 0
309 0
310 3
311 3
312 9
313 17
314 6
315 0
316 16
317 7
318 14
319 17
320 10
321 0
322 14
323 10
324 14
325 10
326 10
327 1
328 1
329 0
330 9
331 17
332 10
333 6
334 12
335 7
336 10
337 2
338 10
339 15
340 1
341 4
342 1
343 10
344 0
345 1
346 13
347 13
348 14
349 1
350 1
351 14
352 8
353 0
354 13
355 10
356 1
357 2
358 1
359 16
360 7
361 8
362 10
363 5
364 4
365 1
366 1
367 14
368 1
369 16
370 6
371 7
372 17
373 8
374 1
375 1
376 14
377 0
378 0
379 18
380 1
381 1
382 15
383 13
384 17
385 1
386 5
387 16
388 0
389 0
390 3
391 10
392 8
393 8
394 1
395 1
396 17
397 10
398 10
399 11
400 1
401 1
402 1
403 5
404 14
405 1
406 2
407 3
408 4
409 17
410 1
411 1
412 17
413 12
414 10
415 1
416 17
417 5
418 10
419 11
420 15
421 17
422 10
423 17
424 10
425 8
426 1
427 3
428 11
429 10
430 18
431 10
432 9
433 9
434 9
435 9
436 3
437 9
438 10
439 10
440 10
441 14
442 10
443 4
444 9
445 0
446 9
447 9
448 10
449 12
450 10
451 9
452 2
453 1
454 2
455 12
456 10
457 10
458 10
459 10
460 10
461 8
462 9
463 4
464 1
465 10
466 2
467 10
468 4
469 1
470 10
471 10
472 9
473 9
474 10
475 8
476 9
477 14
478 1
479 18
480 9
481 9
482 16
483 7
484 0
485 1
486 10
487 7
488 10
489 10
490 18
491 10
492 10
493 12
494 1
495 15
496 1
497 4
498 9
499 1
500 9
501 10
502 18
503 4
504 12
505 12
506 9
507 15
508 9
509 10
510 1
511 1
512 4
513 1
514 9
515 15
516 10
517 9
518 9
519 13
520 9
521 3
522 9
523 9
524 9
525 5
526 10
527 10
528 10
529 9
530 9
531 1
532 14
533 9
534 10
535 11
536 14
537 10
538 1
539 10
540 10
541 13
542 10
543 8
544 14
545 8
546 10
547 4
548 0
549 10
550 1
551 7
552 16
553 0
554 10
555 1
556 11
557 1
558 9
559 10
560 16
561 10
562 10
563 16
564 9
565 1
566 3
567 10
568 17
569 10
570 0
571 3
572 9
573 14
574 10
575 10
576 17
577 15
578 14
579 11
580 10
581 9
582 6
583 1
584 6
585 10
586 17
587 1
588 7
589 9
590 10
591 10
592 14
593 0
594 17
595 3
596 1
597 10
598 10
599 9
600 10
601 1
602 15
603 9
604 17
605 1
606 18
607 17
608 8
609 17
610 10
611 10
612 10
613 10
614 17
615 17
616 10
617 8
618 12
619 1
620 10
621 0
622 1
623 10
624 2
625 10
626 10
627 4
628 17
629 9
630 10
631 1
632 17
633 1
634 10
635 7
636 8
637 8
638 10
639 17
640 8
641 10
642 4
643 4
644 13
645 14
646 2
647 9
648 9
649 1
650 3
651 10
652 17
653 10
654 9
655 17
656 9
657 10
658 9
659 10
660 17
661 3
662 10
663 1
664 10
665 17
666 17
667 9
668 10
669 10
670 15
671 9
672 10
673 10
674 5
675 10
676 17
677 8
678 8
679 10
680 1
681 10
682 10
683 10
684 8
685 17
686 10
687 9
688 10
689 8
690 10
691 15
692 10
693 10
694 10
695 10
696 10
697 10
698 17
699 16
700 16
701 10
702 6
703 1
704 15
705 4
706 6
707 8
708 11
709 10
710 17
711 2
712 6
713 9
714 1
715 5
716 9
717 17
718 10
719 12
720 17
721 17
722 17
723 9
724 9
725 9
726 10
727 13
728 17
729 10
730 1
731 7
732 17
733 1
734 10
735 5
736 10
737 17
738 5
739 18
740 2
741 1
742 10
743 6
744 18
745 2
746 10
747 7
748 15
749 17
750 2
751 10
752 9
753 10
754 15
755 5
756 17
757 10
758 12
759 15
760 10
761 11
762 11
763 10
764 5
765 10
766 2
767 8
768 6
769 9
770 17
771 17
772 9
773 3
774 7
775 7
776 10
777 8
778 17
779 10
780 9
781 6
782 16
783 15
784 10
785 3
786 9
787 10
788 13
789 4
790 15
791 10
792 10
793 10
794 7
795 14
796 10
797 11
798 10
799 9
800 7
801 14
802 9
803 8
804 10
805 18
806 10
807 5
808 6
809 5
810 7
811 9
812 14
813 0
814 14
815 14
816 15
817 10
818 8
819 14
820 0
821 14
822 10
823 11
824 2
825 10
826 11
827 6
828 10
829 10
830 12
831 10
832 12
833 14
834 16
835 14
836 10
837 1
838 17
839 11
840 17
841 1
842 17
843 17
844 7
845 12
846 10
847 1
848 10
849 1
850 1
851 11
852 1
853 9
854 1
855 1
856 17
857 13
858 1
859 5
860 13
861 0
862 0
863 10
864 13
865 7
866 1
867 4
868 10
869 1
870 10
871 10
872 17
873 4
874 1
875 5
876 1
877 8
878 1
879 12
880 5
881 5
882 6
883 10
884 8
885 7
886 2
887 10
888 10
889 1
890 8
891 10
892 15
893 1
894 15
895 8
896 1
897 2
898 0
899 10
900 12
901 10
902 10
903 17
904 18
905 10
906 1
907 10
908 1
909 6
910 10
911 1
912 1
913 1
914 1
915 1
916 10
917 2
918 1
919 1
920 1
921 4
922 10
923 18
924 4
925 7
926 12
927 10
928 10
929 8
930 0
931 1
932 1
933 10
934 14
935 10
936 15
937 14
938 1
939 1
940 1
941 12
942 1
943 16
944 10
945 9
946 1
947 15
948 9
949 10
950 1
951 5
952 1
953 8
954 11
955 1
956 1
957 8
958 6
959 9
960 9
961 1
962 9
963 16
964 1
965 9
966 2
967 10
968 10
969 10
970 0
971 6
972 9
973 2
974 9
975 1
976 9
977 11
978 3
979 8
980 14
981 8
982 4
983 1
984 9
985 4
986 9
987 3
988 10
989 6
990 18
991 18
992 8
993 9
994 10
995 14
996 9
997 1
998 14
999 1
